0 
2.5e-05 
5e-05 
7.5e-05 
0.0001 
0.000125 
0.00015 
0.000175 
0.0002 
0.000225 
0.00025 
0.000275 
0.0003 
0.000325 
0.00035 
0.000375 
0.0004 
0.000425 
0.00045 
0.000475 
0.0005 
0.000525 
0.00055 
0.000575 
0.0006 
0.000625 
0.00065 
0.000675 
0.0007 
0.000725 
0.00075 
0.000775 
0.0008 
0.000825 
0.00085 
0.000875 
0.0009 
0.000925 
0.00095 
0.000975 
0.001 
0.001025 
0.00105 
0.001075 
0.0011 
0.001125 
0.00115 
0.001175 
0.0012 
0.001225 
0.00125 
0.001275 
0.0013 
0.001325 
0.00135 
0.001375 
0.0014 
0.001425 
0.00145 
0.001475 
0.0015 
0.001525 
0.00155 
0.001575 
0.0016 
0.001625 
0.00165 
0.001675 
0.0017 
0.001725 
0.00175 
0.001775 
0.0018 
0.001825 
0.00185 
0.001875 
0.0019 
0.001925 
0.00195 
0.001975 
0.002 
0.002025 
0.00205 
0.002075 
0.0021 
0.002125 
0.00215 
0.002175 
0.0022 
0.002225 
0.00225 
0.002275 
0.0023 
0.002325 
0.00235 
0.002375 
0.0024 
0.002425 
0.00245 
0.002475 
0.0025 
0.002525 
0.00255 
0.002575 
0.0026 
0.002625 
0.00265 
0.002675 
0.0027 
0.002725 
0.00275 
0.002775 
0.0028 
0.002825 
0.00285 
0.002875 
0.0029 
0.002925 
0.00295 
0.002975 
0.003 
0.003025 
0.00305 
0.003075 
0.0031 
0.003125 
0.00315 
0.003175 
0.0032 
0.003225 
0.00325 
0.003275 
0.0033 
0.003325 
0.00335 
0.003375 
0.0034 
0.003425 
0.00345 
0.003475 
0.0035 
0.003525 
0.00355 
0.003575 
0.0036 
0.003625 
0.00365 
0.003675 
0.0037 
0.003725 
0.00375 
0.003775 
0.0038 
0.003825 
0.00385 
0.003875 
0.0039 
0.003925 
0.00395 
0.003975 
0.004 
0.004025 
0.00405 
0.004075 
0.0041 
0.004125 
0.00415 
0.004175 
0.0042 
0.004225 
0.00425 
0.004275 
0.0043 
0.004325 
0.00435 
0.004375 
0.0044 
0.004425 
0.00445 
0.004475 
0.0045 
0.004525 
0.00455 
0.004575 
0.0046 
0.004625 
0.00465 
0.004675 
0.0047 
0.004725 
0.00475 
0.004775 
0.0048 
0.004825 
0.00485 
0.004875 
0.0049 
0.004925 
0.00495 
0.004975 
0.005 
0.005025 
0.00505 
0.005075 
0.0051 
0.005125 
0.00515 
0.005175 
0.0052 
0.005225 
0.00525 
0.005275 
0.0053 
0.005325 
0.00535 
0.005375 
0.0054 
0.005425 
0.00545 
0.005475 
0.0055 
0.005525 
0.00555 
0.005575 
0.0056 
0.005625 
0.00565 
0.005675 
0.0057 
0.005725 
0.00575 
0.005775 
0.0058 
0.005825 
0.00585 
0.005875 
0.0059 
0.005925 
0.00595 
0.005975 
0.006 
0.006025 
0.00605 
0.006075 
0.0061 
0.006125 
0.00615 
0.006175 
0.0062 
0.006225 
0.00625 
0.006275 
0.0063 
0.006325 
0.00635 
0.006375 
0.0064 
0.006425 
0.00645 
0.006475 
0.0065 
0.006525 
0.00655 
0.006575 
0.0066 
0.006625 
0.00665 
0.006675 
0.0067 
0.006725 
0.00675 
0.006775 
0.0068 
0.006825 
0.00685 
0.006875 
0.0069 
0.006925 
0.00695 
0.006975 
0.007 
0.007025 
0.00705 
0.007075 
0.0071 
0.007125 
0.00715 
0.007175 
0.0072 
0.007225 
0.00725 
0.007275 
0.0073 
0.007325 
0.00735 
0.007375 
0.0074 
0.007425 
0.00745 
0.007475 
0.0075 
0.007525 
0.00755 
0.007575 
0.0076 
0.007625 
0.00765 
0.007675 
0.0077 
0.007725 
0.00775 
0.007775 
0.0078 
0.007825 
0.00785 
0.007875 
0.0079 
0.007925 
0.00795 
0.007975 
0.008 
0.008025 
0.00805 
0.008075 
0.0081 
0.008125 
0.00815 
0.008175 
0.0082 
0.008225 
0.00825 
0.008275 
0.0083 
0.008325 
0.00835 
0.008375 
0.0084 
0.008425 
0.00845 
0.008475 
0.0085 
0.008525 
0.00855 
0.008575 
0.0086 
0.008625 
0.00865 
0.008675 
0.0087 
0.008725 
0.00875 
0.008775 
0.0088 
0.008825 
0.00885 
0.008875 
0.0089 
0.008925 
0.00895 
0.008975 
0.009 
0.009025 
0.00905 
0.009075 
0.0091 
0.009125 
0.00915 
0.009175 
0.0092 
0.009225 
0.00925 
0.009275 
0.0093 
0.009325 
0.00935 
0.009375 
0.0094 
0.009425 
0.00945 
0.009475 
0.0095 
0.009525 
0.00955 
0.009575 
0.0096 
0.009625 
0.00965 
0.009675 
0.0097 
0.009725 
0.00975 
0.009775 
0.0098 
0.009825 
0.00985 
0.009875 
0.0099 
0.009925 
0.00995 
0.009975 
0.01 
0.010025 
0.01005 
0.010075 
0.0101 
0.010125 
0.01015 
0.010175 
0.0102 
0.010225 
0.01025 
0.010275 
0.0103 
0.010325 
0.01035 
0.010375 
0.0104 
0.010425 
0.01045 
0.010475 
0.0105 
0.010525 
0.01055 
0.010575 
0.0106 
0.010625 
0.01065 
0.010675 
0.0107 
0.010725 
0.01075 
0.010775 
0.0108 
0.010825 
0.01085 
0.010875 
0.0109 
0.010925 
0.01095 
0.010975 
0.011 
0.011025 
0.01105 
0.011075 
0.0111 
0.011125 
0.01115 
0.011175 
0.0112 
0.011225 
0.01125 
0.011275 
0.0113 
0.011325 
0.01135 
0.011375 
0.0114 
0.011425 
0.01145 
0.011475 
0.0115 
0.011525 
0.01155 
0.011575 
0.0116 
0.011625 
0.01165 
0.011675 
0.0117 
0.011725 
0.01175 
0.011775 
0.0118 
0.011825 
0.01185 
0.011875 
0.0119 
0.011925 
0.01195 
0.011975 
0.012 
0.012025 
0.01205 
0.012075 
0.0121 
0.012125 
0.01215 
0.012175 
0.0122 
0.012225 
0.01225 
0.012275 
0.0123 
0.012325 
0.01235 
0.012375 
0.0124 
0.012425 
0.01245 
0.012475 
0.0125 
0.012525 
0.01255 
0.012575 
0.0126 
0.012625 
0.01265 
0.012675 
0.0127 
0.012725 
0.01275 
0.012775 
0.0128 
0.012825 
0.01285 
0.012875 
0.0129 
0.012925 
0.01295 
0.012975 
0.013 
0.013025 
0.01305 
0.013075 
0.0131 
0.013125 
0.01315 
0.013175 
0.0132 
0.013225 
0.01325 
0.013275 
0.0133 
0.013325 
0.01335 
0.013375 
0.0134 
0.013425 
0.01345 
0.013475 
0.0135 
0.013525 
0.01355 
0.013575 
0.0136 
0.013625 
0.01365 
0.013675 
0.0137 
0.013725 
0.01375 
0.013775 
0.0138 
0.013825 
0.01385 
0.013875 
0.0139 
0.013925 
0.01395 
0.013975 
0.014 
0.014025 
0.01405 
0.014075 
0.0141 
0.014125 
0.01415 
0.014175 
0.0142 
0.014225 
0.01425 
0.014275 
0.0143 
0.014325 
0.01435 
0.014375 
0.0144 
0.014425 
0.01445 
0.014475 
0.0145 
0.014525 
0.01455 
0.014575 
0.0146 
0.014625 
0.01465 
0.014675 
0.0147 
0.014725 
0.01475 
0.014775 
0.0148 
0.014825 
0.01485 
0.014875 
0.0149 
0.014925 
0.01495 
0.014975 
0.015 
0.015025 
0.01505 
0.015075 
0.0151 
0.015125 
0.01515 
0.015175 
0.0152 
0.015225 
0.01525 
0.015275 
0.0153 
0.015325 
0.01535 
0.015375 
0.0154 
0.015425 
0.01545 
0.015475 
0.0155 
0.015525 
0.01555 
0.015575 
0.0156 
0.015625 
0.01565 
0.015675 
0.0157 
0.015725 
0.01575 
0.015775 
0.0158 
0.015825 
0.01585 
0.015875 
0.0159 
0.015925 
0.01595 
0.015975 
0.016 
0.016025 
0.01605 
0.016075 
0.0161 
0.016125 
0.01615 
0.016175 
0.0162 
0.016225 
0.01625 
0.016275 
0.0163 
0.016325 
0.01635 
0.016375 
0.0164 
0.016425 
0.01645 
0.016475 
0.0165 
0.016525 
0.01655 
0.016575 
0.0166 
0.016625 
0.01665 
0.016675 
0.0167 
0.016725 
0.01675 
0.016775 
0.0168 
0.016825 
0.01685 
0.016875 
0.0169 
0.016925 
0.01695 
0.016975 
0.017 
0.017025 
0.01705 
0.017075 
0.0171 
0.017125 
0.01715 
0.017175 
0.0172 
0.017225 
0.01725 
0.017275 
0.0173 
0.017325 
0.01735 
0.017375 
0.0174 
0.017425 
0.01745 
0.017475 
0.0175 
0.017525 
0.01755 
0.017575 
0.0176 
0.017625 
0.01765 
0.017675 
0.0177 
0.017725 
0.01775 
0.017775 
0.0178 
0.017825 
0.01785 
0.017875 
0.0179 
0.017925 
0.01795 
0.017975 
0.018 
0.018025 
0.01805 
0.018075 
0.0181 
0.018125 
0.01815 
0.018175 
0.0182 
0.018225 
0.01825 
0.018275 
0.0183 
0.018325 
0.01835 
0.018375 
0.0184 
0.018425 
0.01845 
0.018475 
0.0185 
0.018525 
0.01855 
0.018575 
0.0186 
0.018625 
0.01865 
0.018675 
0.0187 
0.018725 
0.01875 
0.018775 
0.0188 
0.018825 
0.01885 
0.018875 
0.0189 
0.018925 
0.01895 
0.018975 
0.019 
0.019025 
0.01905 
0.019075 
0.0191 
0.019125 
0.01915 
0.019175 
0.0192 
0.019225 
0.01925 
0.019275 
0.0193 
0.019325 
0.01935 
0.019375 
0.0194 
0.019425 
0.01945 
0.019475 
0.0195 
0.019525 
0.01955 
0.019575 
0.0196 
0.019625 
0.01965 
0.019675 
0.0197 
0.019725 
0.01975 
0.019775 
0.0198 
0.019825 
0.01985 
0.019875 
0.0199 
0.019925 
0.01995 
0.019975 
0.02 
0.020025 
0.02005 
0.020075 
0.0201 
0.020125 
0.02015 
0.020175 
0.0202 
0.020225 
0.02025 
0.020275 
0.0203 
0.020325 
0.02035 
0.020375 
0.0204 
0.020425 
0.02045 
0.020475 
0.0205 
0.020525 
0.02055 
0.020575 
0.0206 
0.020625 
0.02065 
0.020675 
0.0207 
0.020725 
0.02075 
0.020775 
0.0208 
0.020825 
0.02085 
0.020875 
0.0209 
0.020925 
0.02095 
0.020975 
0.021 
0.021025 
0.02105 
0.021075 
0.0211 
0.021125 
0.02115 
0.021175 
0.0212 
0.021225 
0.02125 
0.021275 
0.0213 
0.021325 
0.02135 
0.021375 
0.0214 
0.021425 
0.02145 
0.021475 
0.0215 
0.021525 
0.02155 
0.021575 
0.0216 
0.021625 
0.02165 
0.021675 
0.0217 
0.021725 
0.02175 
0.021775 
0.0218 
0.021825 
0.02185 
0.021875 
0.0219 
0.021925 
0.02195 
0.021975 
0.022 
0.022025 
0.02205 
0.022075 
0.0221 
0.022125 
0.02215 
0.022175 
0.0222 
0.022225 
0.02225 
0.022275 
0.0223 
0.022325 
0.02235 
0.022375 
0.0224 
0.022425 
0.02245 
0.022475 
0.0225 
0.022525 
0.02255 
0.022575 
0.0226 
0.022625 
0.02265 
0.022675 
0.0227 
0.022725 
0.02275 
0.022775 
0.0228 
0.022825 
0.02285 
0.022875 
0.0229 
0.022925 
0.02295 
0.022975 
0.023 
0.023025 
0.02305 
0.023075 
0.0231 
0.023125 
0.02315 
0.023175 
0.0232 
0.023225 
0.02325 
0.023275 
0.0233 
0.023325 
0.02335 
0.023375 
0.0234 
0.023425 
0.02345 
0.023475 
0.0235 
0.023525 
0.02355 
0.023575 
0.0236 
0.023625 
0.02365 
0.023675 
0.0237 
0.023725 
0.02375 
0.023775 
0.0238 
0.023825 
0.02385 
0.023875 
0.0239 
0.023925 
0.02395 
0.023975 
0.024 
0.024025 
0.02405 
0.024075 
0.0241 
0.024125 
0.02415 
0.024175 
0.0242 
0.024225 
0.02425 
0.024275 
0.0243 
0.024325 
0.02435 
0.024375 
0.0244 
0.024425 
0.02445 
0.024475 
0.0245 
0.024525 
0.02455 
0.024575 
0.0246 
0.024625 
0.02465 
0.024675 
0.0247 
0.024725 
0.02475 
0.024775 
0.0248 
0.024825 
0.02485 
0.024875 
0.0249 
0.024925 
0.02495 
0.024975 
0.025 
0.025025 
0.02505 
0.025075 
0.0251 
0.025125 
0.02515 
0.025175 
0.0252 
0.025225 
0.02525 
0.025275 
0.0253 
0.025325 
0.02535 
0.025375 
0.0254 
0.025425 
0.02545 
0.025475 
0.0255 
0.025525 
0.02555 
0.025575 
0.0256 
0.025625 
0.02565 
0.025675 
0.0257 
0.025725 
0.02575 
0.025775 
0.0258 
0.025825 
0.02585 
0.025875 
0.0259 
0.025925 
0.02595 
0.025975 
0.026 
0.026025 
0.02605 
0.026075 
0.0261 
0.026125 
0.02615 
0.026175 
0.0262 
0.026225 
0.02625 
0.026275 
0.0263 
0.026325 
0.02635 
0.026375 
0.0264 
0.026425 
0.02645 
0.026475 
0.0265 
0.026525 
0.02655 
0.026575 
0.0266 
0.026625 
0.02665 
0.026675 
0.0267 
0.026725 
0.02675 
0.026775 
0.0268 
0.026825 
0.02685 
0.026875 
0.0269 
0.026925 
0.02695 
0.026975 
0.027 
0.027025 
0.02705 
0.027075 
0.0271 
0.027125 
0.02715 
0.027175 
0.0272 
0.027225 
0.02725 
0.027275 
0.0273 
0.027325 
0.02735 
0.027375 
0.0274 
0.027425 
0.02745 
0.027475 
0.0275 
0.027525 
0.02755 
0.027575 
0.0276 
0.027625 
0.02765 
0.027675 
0.0277 
0.027725 
0.02775 
0.027775 
0.0278 
0.027825 
0.02785 
0.027875 
0.0279 
0.027925 
0.02795 
0.027975 
0.028 
0.028025 
0.02805 
0.028075 
0.0281 
0.028125 
0.02815 
0.028175 
0.0282 
0.028225 
0.02825 
0.028275 
0.0283 
0.028325 
0.02835 
0.028375 
0.0284 
0.028425 
0.02845 
0.028475 
0.0285 
0.028525 
0.02855 
0.028575 
0.0286 
0.028625 
0.02865 
0.028675 
0.0287 
0.028725 
0.02875 
0.028775 
0.0288 
0.028825 
0.02885 
0.028875 
0.0289 
0.028925 
0.02895 
0.028975 
0.029 
0.029025 
0.02905 
0.029075 
0.0291 
0.029125 
0.02915 
0.029175 
0.0292 
0.029225 
0.02925 
0.029275 
0.0293 
0.029325 
0.02935 
0.029375 
0.0294 
0.029425 
0.02945 
0.029475 
0.0295 
0.029525 
0.02955 
0.029575 
0.0296 
0.029625 
0.02965 
0.029675 
0.0297 
0.029725 
0.02975 
0.029775 
0.0298 
0.029825 
0.02985 
0.029875 
0.0299 
0.029925 
0.02995 
0.029975 
0.03 
0.030025 
0.03005 
0.030075 
0.0301 
0.030125 
0.03015 
0.030175 
0.0302 
0.030225 
0.03025 
0.030275 
0.0303 
0.030325 
0.03035 
0.030375 
0.0304 
0.030425 
0.03045 
0.030475 
0.0305 
0.030525 
0.03055 
0.030575 
0.0306 
0.030625 
0.03065 
0.030675 
0.0307 
0.030725 
0.03075 
0.030775 
0.0308 
0.030825 
0.03085 
0.030875 
0.0309 
0.030925 
0.03095 
0.030975 
0.031 
0.031025 
0.03105 
0.031075 
0.0311 
0.031125 
0.03115 
0.031175 
0.0312 
0.031225 
0.03125 
0.031275 
0.0313 
0.031325 
0.03135 
0.031375 
0.0314 
0.031425 
0.03145 
0.031475 
0.0315 
0.031525 
0.03155 
0.031575 
0.0316 
0.031625 
0.03165 
0.031675 
0.0317 
0.031725 
0.03175 
0.031775 
0.0318 
0.031825 
0.03185 
0.031875 
0.0319 
0.031925 
0.03195 
0.031975 
0.032 
0.032025 
0.03205 
0.032075 
0.0321 
0.032125 
0.03215 
0.032175 
0.0322 
0.032225 
0.03225 
0.032275 
0.0323 
0.032325 
0.03235 
0.032375 
0.0324 
0.032425 
0.03245 
0.032475 
0.0325 
0.032525 
0.03255 
0.032575 
0.0326 
0.032625 
0.03265 
0.032675 
0.0327 
0.032725 
0.03275 
0.032775 
0.0328 
0.032825 
0.03285 
0.032875 
0.0329 
0.032925 
0.03295 
0.032975 
0.033 
0.033025 
0.03305 
0.033075 
0.0331 
0.033125 
0.03315 
0.033175 
0.0332 
0.033225 
0.03325 
0.033275 
0.0333 
0.033325 
0.03335 
0.033375 
0.0334 
0.033425 
0.03345 
0.033475 
0.0335 
0.033525 
0.03355 
0.033575 
0.0336 
0.033625 
0.03365 
0.033675 
0.0337 
0.033725 
0.03375 
0.033775 
0.0338 
0.033825 
0.03385 
0.033875 
0.0339 
0.033925 
0.03395 
0.033975 
0.034 
0.034025 
0.03405 
0.034075 
0.0341 
0.034125 
0.03415 
0.034175 
0.0342 
0.034225 
0.03425 
0.034275 
0.0343 
0.034325 
0.03435 
0.034375 
0.0344 
0.034425 
0.03445 
0.034475 
0.0345 
0.034525 
0.03455 
0.034575 
0.0346 
0.034625 
0.03465 
0.034675 
0.0347 
0.034725 
0.03475 
0.034775 
0.0348 
0.034825 
0.03485 
0.034875 
0.0349 
0.034925 
0.03495 
0.034975 
0.035 
0.035025 
0.03505 
0.035075 
0.0351 
0.035125 
0.03515 
0.035175 
0.0352 
0.035225 
0.03525 
0.035275 
0.0353 
0.035325 
0.03535 
0.035375 
0.0354 
0.035425 
0.03545 
0.035475 
0.0355 
0.035525 
0.03555 
0.035575 
0.0356 
0.035625 
0.03565 
0.035675 
0.0357 
0.035725 
0.03575 
0.035775 
0.0358 
0.035825 
0.03585 
0.035875 
0.0359 
0.035925 
0.03595 
0.035975 
0.036 
0.036025 
0.03605 
0.036075 
0.0361 
0.036125 
0.03615 
0.036175 
0.0362 
0.036225 
0.03625 
0.036275 
0.0363 
0.036325 
0.03635 
0.036375 
0.0364 
0.036425 
0.03645 
0.036475 
0.0365 
0.036525 
0.03655 
0.036575 
0.0366 
0.036625 
0.03665 
0.036675 
0.0367 
0.036725 
0.03675 
0.036775 
0.0368 
0.036825 
0.03685 
0.036875 
0.0369 
0.036925 
0.03695 
0.036975 
0.037 
0.037025 
0.03705 
0.037075 
0.0371 
0.037125 
0.03715 
0.037175 
0.0372 
0.037225 
0.03725 
0.037275 
0.0373 
0.037325 
0.03735 
0.037375 
0.0374 
0.037425 
0.03745 
0.037475 
0.0375 
0.037525 
0.03755 
0.037575 
0.0376 
0.037625 
0.03765 
0.037675 
0.0377 
0.037725 
0.03775 
0.037775 
0.0378 
0.037825 
0.03785 
0.037875 
0.0379 
0.037925 
0.03795 
0.037975 
0.038 
0.038025 
0.03805 
0.038075 
0.0381 
0.038125 
0.03815 
0.038175 
0.0382 
0.038225 
0.03825 
0.038275 
0.0383 
0.038325 
0.03835 
0.038375 
0.0384 
0.038425 
0.03845 
0.038475 
0.0385 
0.038525 
0.03855 
0.038575 
0.0386 
0.038625 
0.03865 
0.038675 
0.0387 
0.038725 
0.03875 
0.038775 
0.0388 
0.038825 
0.03885 
0.038875 
0.0389 
0.038925 
0.03895 
0.038975 
0.039 
0.039025 
0.03905 
0.039075 
0.0391 
0.039125 
0.03915 
0.039175 
0.0392 
0.039225 
0.03925 
0.039275 
0.0393 
0.039325 
0.03935 
0.039375 
0.0394 
0.039425 
0.03945 
0.039475 
0.0395 
0.039525 
0.03955 
0.039575 
0.0396 
0.039625 
0.03965 
0.039675 
0.0397 
0.039725 
0.03975 
0.039775 
0.0398 
0.039825 
0.03985 
0.039875 
0.0399 
0.039925 
0.03995 
0.039975 
0.04 
0.040025 
0.04005 
0.040075 
0.0401 
0.040125 
0.04015 
0.040175 
0.0402 
0.040225 
0.04025 
0.040275 
0.0403 
0.040325 
0.04035 
0.040375 
0.0404 
0.040425 
0.04045 
0.040475 
0.0405 
0.040525 
0.04055 
0.040575 
0.0406 
0.040625 
0.04065 
0.040675 
0.0407 
0.040725 
0.04075 
0.040775 
0.0408 
0.040825 
0.04085 
0.040875 
0.0409 
0.040925 
0.04095 
0.040975 
0.041 
0.041025 
0.04105 
0.041075 
0.0411 
0.041125 
0.04115 
0.041175 
0.0412 
0.041225 
0.04125 
0.041275 
0.0413 
0.041325 
0.04135 
0.041375 
0.0414 
0.041425 
0.04145 
0.041475 
0.0415 
0.041525 
0.04155 
0.041575 
0.0416 
0.041625 
0.04165 
0.041675 
0.0417 
0.041725 
0.04175 
0.041775 
0.0418 
0.041825 
0.04185 
0.041875 
0.0419 
0.041925 
0.04195 
0.041975 
0.042 
0.042025 
0.04205 
0.042075 
0.0421 
0.042125 
0.04215 
0.042175 
0.0422 
0.042225 
0.04225 
0.042275 
0.0423 
0.042325 
0.04235 
0.042375 
0.0424 
0.042425 
0.04245 
0.042475 
0.0425 
0.042525 
0.04255 
0.042575 
0.0426 
0.042625 
0.04265 
0.042675 
0.0427 
0.042725 
0.04275 
0.042775 
0.0428 
0.042825 
0.04285 
0.042875 
0.0429 
0.042925 
0.04295 
0.042975 
0.043 
0.043025 
0.04305 
0.043075 
0.0431 
0.043125 
0.04315 
0.043175 
0.0432 
0.043225 
0.04325 
0.043275 
0.0433 
0.043325 
0.04335 
0.043375 
0.0434 
0.043425 
0.04345 
0.043475 
0.0435 
0.043525 
0.04355 
0.043575 
0.0436 
0.043625 
0.04365 
0.043675 
0.0437 
0.043725 
0.04375 
0.043775 
0.0438 
0.043825 
0.04385 
0.043875 
0.0439 
0.043925 
0.04395 
0.043975 
0.044 
0.044025 
0.04405 
0.044075 
0.0441 
0.044125 
0.04415 
0.044175 
0.0442 
0.044225 
0.04425 
0.044275 
0.0443 
0.044325 
0.04435 
0.044375 
0.0444 
0.044425 
0.04445 
0.044475 
0.0445 
0.044525 
0.04455 
0.044575 
0.0446 
0.044625 
0.04465 
0.044675 
0.0447 
0.044725 
0.04475 
0.044775 
0.0448 
0.044825 
0.04485 
0.044875 
0.0449 
0.044925 
0.04495 
0.044975 
0.045 
0.045025 
0.04505 
0.045075 
0.0451 
0.045125 
0.04515 
0.045175 
0.0452 
0.045225 
0.04525 
0.045275 
0.0453 
0.045325 
0.04535 
0.045375 
0.0454 
0.045425 
0.04545 
0.045475 
0.0455 
0.045525 
0.04555 
0.045575 
0.0456 
0.045625 
0.04565 
0.045675 
0.0457 
0.045725 
0.04575 
0.045775 
0.0458 
0.045825 
0.04585 
0.045875 
0.0459 
0.045925 
0.04595 
0.045975 
0.046 
0.046025 
0.04605 
0.046075 
0.0461 
0.046125 
0.04615 
0.046175 
0.0462 
0.046225 
0.04625 
0.046275 
0.0463 
0.046325 
0.04635 
0.046375 
0.0464 
0.046425 
0.04645 
0.046475 
0.0465 
0.046525 
0.04655 
0.046575 
0.0466 
0.046625 
0.04665 
0.046675 
0.0467 
0.046725 
0.04675 
0.046775 
0.0468 
0.046825 
0.04685 
0.046875 
0.0469 
0.046925 
0.04695 
0.046975 
0.047 
0.047025 
0.04705 
0.047075 
0.0471 
0.047125 
0.04715 
0.047175 
0.0472 
0.047225 
0.04725 
0.047275 
0.0473 
0.047325 
0.04735 
0.047375 
0.0474 
0.047425 
0.04745 
0.047475 
0.0475 
0.047525 
0.04755 
0.047575 
0.0476 
0.047625 
0.04765 
0.047675 
0.0477 
0.047725 
0.04775 
0.047775 
0.0478 
0.047825 
0.04785 
0.047875 
0.0479 
0.047925 
0.04795 
0.047975 
0.048 
0.048025 
0.04805 
0.048075 
0.0481 
0.048125 
0.04815 
0.048175 
0.0482 
0.048225 
0.04825 
0.048275 
0.0483 
0.048325 
0.04835 
0.048375 
0.0484 
0.048425 
0.04845 
0.048475 
0.0485 
0.048525 
0.04855 
0.048575 
0.0486 
0.048625 
0.04865 
0.048675 
0.0487 
0.048725 
0.04875 
0.048775 
0.0488 
0.048825 
0.04885 
0.048875 
0.0489 
0.048925 
0.04895 
0.048975 
0.049 
0.049025 
0.04905 
0.049075 
0.0491 
0.049125 
0.04915 
0.049175 
0.0492 
0.049225 
0.04925 
0.049275 
0.0493 
0.049325 
0.04935 
0.049375 
0.0494 
0.049425 
0.04945 
0.049475 
0.0495 
0.049525 
0.04955 
0.049575 
0.0496 
0.049625 
0.04965 
0.049675 
0.0497 
0.049725 
0.04975 
0.049775 
0.0498 
0.049825 
0.04985 
0.049875 
0.0499 
0.049925 
0.04995 
0.049975 
0.05 
0.050025 
0.05005 
0.050075 
0.0501 
0.050125 
0.05015 
0.050175 
0.0502 
0.050225 
0.05025 
0.050275 
0.0503 
0.050325 
0.05035 
0.050375 
0.0504 
0.050425 
0.05045 
0.050475 
0.0505 
0.050525 
0.05055 
0.050575 
0.0506 
0.050625 
0.05065 
0.050675 
0.0507 
0.050725 
0.05075 
0.050775 
0.0508 
0.050825 
0.05085 
0.050875 
0.0509 
0.050925 
0.05095 
0.050975 
0.051 
0.051025 
0.05105 
0.051075 
0.0511 
0.051125 
0.05115 
0.051175 
0.0512 
0.051225 
0.05125 
0.051275 
0.0513 
0.051325 
0.05135 
0.051375 
0.0514 
0.051425 
0.05145 
0.051475 
0.0515 
0.051525 
0.05155 
0.051575 
0.0516 
0.051625 
0.05165 
0.051675 
0.0517 
0.051725 
0.05175 
0.051775 
0.0518 
0.051825 
0.05185 
0.051875 
0.0519 
0.051925 
0.05195 
0.051975 
0.052 
0.052025 
0.05205 
0.052075 
0.0521 
0.052125 
0.05215 
0.052175 
0.0522 
0.052225 
0.05225 
0.052275 
0.0523 
0.052325 
0.05235 
0.052375 
0.0524 
0.052425 
0.05245 
0.052475 
0.0525 
0.052525 
0.05255 
0.052575 
0.0526 
0.052625 
0.05265 
0.052675 
0.0527 
0.052725 
0.05275 
0.052775 
0.0528 
0.052825 
0.05285 
0.052875 
0.0529 
0.052925 
0.05295 
0.052975 
0.053 
0.053025 
0.05305 
0.053075 
0.0531 
0.053125 
0.05315 
0.053175 
0.0532 
0.053225 
0.05325 
0.053275 
0.0533 
0.053325 
0.05335 
0.053375 
0.0534 
0.053425 
0.05345 
0.053475 
0.0535 
0.053525 
0.05355 
0.053575 
0.0536 
0.053625 
0.05365 
0.053675 
0.0537 
0.053725 
0.05375 
0.053775 
0.0538 
0.053825 
0.05385 
0.053875 
0.0539 
0.053925 
0.05395 
0.053975 
0.054 
0.054025 
0.05405 
0.054075 
0.0541 
0.054125 
0.05415 
0.054175 
0.0542 
0.054225 
0.05425 
0.054275 
0.0543 
0.054325 
0.05435 
0.054375 
0.0544 
0.054425 
0.05445 
0.054475 
0.0545 
0.054525 
0.05455 
0.054575 
0.0546 
0.054625 
0.05465 
0.054675 
0.0547 
0.054725 
0.05475 
0.054775 
0.0548 
0.054825 
0.05485 
0.054875 
0.0549 
0.054925 
0.05495 
0.054975 
0.055 
0.055025 
0.05505 
0.055075 
0.0551 
0.055125 
0.05515 
0.055175 
0.0552 
0.055225 
0.05525 
0.055275 
0.0553 
0.055325 
0.05535 
0.055375 
0.0554 
0.055425 
0.05545 
0.055475 
0.0555 
0.055525 
0.05555 
0.055575 
0.0556 
0.055625 
0.05565 
0.055675 
0.0557 
0.055725 
0.05575 
0.055775 
0.0558 
0.055825 
0.05585 
0.055875 
0.0559 
0.055925 
0.05595 
0.055975 
0.056 
0.056025 
0.05605 
0.056075 
0.0561 
0.056125 
0.05615 
0.056175 
0.0562 
0.056225 
0.05625 
0.056275 
0.0563 
0.056325 
0.05635 
0.056375 
0.0564 
0.056425 
0.05645 
0.056475 
0.0565 
0.056525 
0.05655 
0.056575 
0.0566 
0.056625 
0.05665 
0.056675 
0.0567 
0.056725 
0.05675 
0.056775 
0.0568 
0.056825 
0.05685 
0.056875 
0.0569 
0.056925 
0.05695 
0.056975 
0.057 
0.057025 
0.05705 
0.057075 
0.0571 
0.057125 
0.05715 
0.057175 
0.0572 
0.057225 
0.05725 
0.057275 
0.0573 
0.057325 
0.05735 
0.057375 
0.0574 
0.057425 
0.05745 
0.057475 
0.0575 
0.057525 
0.05755 
0.057575 
0.0576 
0.057625 
0.05765 
0.057675 
0.0577 
0.057725 
0.05775 
0.057775 
0.0578 
0.057825 
0.05785 
0.057875 
0.0579 
0.057925 
0.05795 
0.057975 
0.058 
0.058025 
0.05805 
0.058075 
0.0581 
0.058125 
0.05815 
0.058175 
0.0582 
0.058225 
0.05825 
0.058275 
0.0583 
0.058325 
0.05835 
0.058375 
0.0584 
0.058425 
0.05845 
0.058475 
0.0585 
0.058525 
0.05855 
0.058575 
0.0586 
0.058625 
0.05865 
0.058675 
0.0587 
0.058725 
0.05875 
0.058775 
0.0588 
0.058825 
0.05885 
0.058875 
0.0589 
0.058925 
0.05895 
0.058975 
0.059 
0.059025 
0.05905 
0.059075 
0.0591 
0.059125 
0.05915 
0.059175 
0.0592 
0.059225 
0.05925 
0.059275 
0.0593 
0.059325 
0.05935 
0.059375 
0.0594 
0.059425 
0.05945 
0.059475 
0.0595 
0.059525 
0.05955 
0.059575 
0.0596 
0.059625 
0.05965 
0.059675 
0.0597 
0.059725 
0.05975 
0.059775 
0.0598 
0.059825 
0.05985 
0.059875 
0.0599 
0.059925 
0.05995 
0.059975 
0.06 
0.060025 
0.06005 
0.060075 
0.0601 
0.060125 
0.06015 
0.060175 
0.0602 
0.060225 
0.06025 
0.060275 
0.0603 
0.060325 
0.06035 
0.060375 
0.0604 
0.060425 
0.06045 
0.060475 
0.0605 
0.060525 
0.06055 
0.060575 
0.0606 
0.060625 
0.06065 
0.060675 
0.0607 
0.060725 
0.06075 
0.060775 
0.0608 
0.060825 
0.06085 
0.060875 
0.0609 
0.060925 
0.06095 
0.060975 
0.061 
0.061025 
0.06105 
0.061075 
0.0611 
0.061125 
0.06115 
0.061175 
0.0612 
0.061225 
0.06125 
0.061275 
0.0613 
0.061325 
0.06135 
0.061375 
0.0614 
0.061425 
0.06145 
0.061475 
0.0615 
0.061525 
0.06155 
0.061575 
0.0616 
0.061625 
0.06165 
0.061675 
0.0617 
0.061725 
0.06175 
0.061775 
0.0618 
0.061825 
0.06185 
0.061875 
0.0619 
0.061925 
0.06195 
0.061975 
0.062 
0.062025 
0.06205 
0.062075 
0.0621 
0.062125 
0.06215 
0.062175 
0.0622 
0.062225 
0.06225 
0.062275 
0.0623 
0.062325 
0.06235 
0.062375 
0.0624 
0.062425 
0.06245 
0.062475 
0.0625 
0.062525 
0.06255 
0.062575 
0.0626 
0.062625 
0.06265 
0.062675 
0.0627 
0.062725 
0.06275 
0.062775 
0.0628 
0.062825 
0.06285 
0.062875 
0.0629 
0.062925 
0.06295 
0.062975 
0.063 
0.063025 
0.06305 
0.063075 
0.0631 
0.063125 
0.06315 
0.063175 
0.0632 
0.063225 
0.06325 
0.063275 
0.0633 
0.063325 
0.06335 
0.063375 
0.0634 
0.063425 
0.06345 
0.063475 
0.0635 
0.063525 
0.06355 
0.063575 
0.0636 
0.063625 
0.06365 
0.063675 
0.0637 
0.063725 
0.06375 
0.063775 
0.0638 
0.063825 
0.06385 
0.063875 
0.0639 
0.063925 
0.06395 
0.063975 
0.064 
0.064025 
0.06405 
0.064075 
0.0641 
0.064125 
0.06415 
0.064175 
0.0642 
0.064225 
0.06425 
0.064275 
0.0643 
0.064325 
0.06435 
0.064375 
0.0644 
0.064425 
0.06445 
0.064475 
0.0645 
0.064525 
0.06455 
0.064575 
0.0646 
0.064625 
0.06465 
0.064675 
0.0647 
0.064725 
0.06475 
0.064775 
0.0648 
0.064825 
0.06485 
0.064875 
0.0649 
0.064925 
0.06495 
0.064975 
0.065 
0.065025 
0.06505 
0.065075 
0.0651 
0.065125 
0.06515 
0.065175 
0.0652 
0.065225 
0.06525 
0.065275 
0.0653 
0.065325 
0.06535 
0.065375 
0.0654 
0.065425 
0.06545 
0.065475 
0.0655 
0.065525 
0.06555 
0.065575 
0.0656 
0.065625 
0.06565 
0.065675 
0.0657 
0.065725 
0.06575 
0.065775 
0.0658 
0.065825 
0.06585 
0.065875 
0.0659 
0.065925 
0.06595 
0.065975 
0.066 
0.066025 
0.06605 
0.066075 
0.0661 
0.066125 
0.06615 
0.066175 
0.0662 
0.066225 
0.06625 
0.066275 
0.0663 
0.066325 
0.06635 
0.066375 
0.0664 
0.066425 
0.06645 
0.066475 
0.0665 
0.066525 
0.06655 
0.066575 
0.0666 
0.066625 
0.06665 
0.066675 
0.0667 
0.066725 
0.06675 
0.066775 
0.0668 
0.066825 
0.06685 
0.066875 
0.0669 
0.066925 
0.06695 
0.066975 
0.067 
0.067025 
0.06705 
0.067075 
0.0671 
0.067125 
0.06715 
0.067175 
0.0672 
0.067225 
0.06725 
0.067275 
0.0673 
0.067325 
0.06735 
0.067375 
0.0674 
0.067425 
0.06745 
0.067475 
0.0675 
0.067525 
0.06755 
0.067575 
0.0676 
0.067625 
0.06765 
0.067675 
0.0677 
0.067725 
0.06775 
0.067775 
0.0678 
0.067825 
0.06785 
0.067875 
0.0679 
0.067925 
0.06795 
0.067975 
0.068 
0.068025 
0.06805 
0.068075 
0.0681 
0.068125 
0.06815 
0.068175 
0.0682 
0.068225 
0.06825 
0.068275 
0.0683 
0.068325 
0.06835 
0.068375 
0.0684 
0.068425 
0.06845 
0.068475 
0.0685 
0.068525 
0.06855 
0.068575 
0.0686 
0.068625 
0.06865 
0.068675 
0.0687 
0.068725 
0.06875 
0.068775 
0.0688 
0.068825 
0.06885 
0.068875 
0.0689 
0.068925 
0.06895 
0.068975 
0.069 
0.069025 
0.06905 
0.069075 
0.0691 
0.069125 
0.06915 
0.069175 
0.0692 
0.069225 
0.06925 
0.069275 
0.0693 
0.069325 
0.06935 
0.069375 
0.0694 
0.069425 
0.06945 
0.069475 
0.0695 
0.069525 
0.06955 
0.069575 
0.0696 
0.069625 
0.06965 
0.069675 
0.0697 
0.069725 
0.06975 
0.069775 
0.0698 
0.069825 
0.06985 
0.069875 
0.0699 
0.069925 
0.06995 
0.069975 
0.07 
0.070025 
0.07005 
0.070075 
0.0701 
0.070125 
0.07015 
0.070175 
0.0702 
0.070225 
0.07025 
0.070275 
0.0703 
0.070325 
0.07035 
0.070375 
0.0704 
0.070425 
0.07045 
0.070475 
0.0705 
0.070525 
0.07055 
0.070575 
0.0706 
0.070625 
0.07065 
0.070675 
0.0707 
0.070725 
0.07075 
0.070775 
0.0708 
0.070825 
0.07085 
0.070875 
0.0709 
0.070925 
0.07095 
0.070975 
0.071 
0.071025 
0.07105 
0.071075 
0.0711 
0.071125 
0.07115 
0.071175 
0.0712 
0.071225 
0.07125 
0.071275 
0.0713 
0.071325 
0.07135 
0.071375 
0.0714 
0.071425 
0.07145 
0.071475 
0.0715 
0.071525 
0.07155 
0.071575 
0.0716 
0.071625 
0.07165 
0.071675 
0.0717 
0.071725 
0.07175 
0.071775 
0.0718 
0.071825 
0.07185 
0.071875 
0.0719 
0.071925 
0.07195 
0.071975 
0.072 
0.072025 
0.07205 
0.072075 
0.0721 
0.072125 
0.07215 
0.072175 
0.0722 
0.072225 
0.07225 
0.072275 
0.0723 
0.072325 
0.07235 
0.072375 
0.0724 
0.072425 
0.07245 
0.072475 
0.0725 
0.072525 
0.07255 
0.072575 
0.0726 
0.072625 
0.07265 
0.072675 
0.0727 
0.072725 
0.07275 
0.072775 
0.0728 
0.072825 
0.07285 
0.072875 
0.0729 
0.072925 
0.07295 
0.072975 
0.073 
0.073025 
0.07305 
0.073075 
0.0731 
0.073125 
0.07315 
0.073175 
0.0732 
0.073225 
0.07325 
0.073275 
0.0733 
0.073325 
0.07335 
0.073375 
0.0734 
0.073425 
0.07345 
0.073475 
0.0735 
0.073525 
0.07355 
0.073575 
0.0736 
0.073625 
0.07365 
0.073675 
0.0737 
0.073725 
0.07375 
0.073775 
0.0738 
0.073825 
0.07385 
0.073875 
0.0739 
0.073925 
0.07395 
0.073975 
0.074 
0.074025 
0.07405 
0.074075 
0.0741 
0.074125 
0.07415 
0.074175 
0.0742 
0.074225 
0.07425 
0.074275 
0.0743 
0.074325 
0.07435 
0.074375 
0.0744 
0.074425 
0.07445 
0.074475 
0.0745 
0.074525 
0.07455 
0.074575 
0.0746 
0.074625 
0.07465 
0.074675 
0.0747 
0.074725 
0.07475 
0.074775 
0.0748 
0.074825 
0.07485 
0.074875 
0.0749 
0.074925 
0.07495 
0.074975 
0.075 
0.075025 
0.07505 
0.075075 
0.0751 
0.075125 
0.07515 
0.075175 
0.0752 
0.075225 
0.07525 
0.075275 
0.0753 
0.075325 
0.07535 
0.075375 
0.0754 
0.075425 
0.07545 
0.075475 
0.0755 
0.075525 
0.07555 
0.075575 
0.0756 
0.075625 
0.07565 
0.075675 
0.0757 
0.075725 
0.07575 
0.075775 
0.0758 
0.075825 
0.07585 
0.075875 
0.0759 
0.075925 
0.07595 
0.075975 
0.076 
0.076025 
0.07605 
0.076075 
0.0761 
0.076125 
0.07615 
0.076175 
0.0762 
0.076225 
0.07625 
0.076275 
0.0763 
0.076325 
0.07635 
0.076375 
0.0764 
0.076425 
0.07645 
0.076475 
0.0765 
0.076525 
0.07655 
0.076575 
0.0766 
0.076625 
0.07665 
0.076675 
0.0767 
0.076725 
0.07675 
0.076775 
0.0768 
0.076825 
0.07685 
0.076875 
0.0769 
0.076925 
0.07695 
0.076975 
0.077 
0.077025 
0.07705 
0.077075 
0.0771 
0.077125 
0.07715 
0.077175 
0.0772 
0.077225 
0.07725 
0.077275 
0.0773 
0.077325 
0.07735 
0.077375 
0.0774 
0.077425 
0.07745 
0.077475 
0.0775 
0.077525 
0.07755 
0.077575 
0.0776 
0.077625 
0.07765 
0.077675 
0.0777 
0.077725 
0.07775 
0.077775 
0.0778 
0.077825 
0.07785 
0.077875 
0.0779 
0.077925 
0.07795 
0.077975 
0.078 
0.078025 
0.07805 
0.078075 
0.0781 
0.078125 
0.07815 
0.078175 
0.0782 
0.078225 
0.07825 
0.078275 
0.0783 
0.078325 
0.07835 
0.078375 
0.0784 
0.078425 
0.07845 
0.078475 
0.0785 
0.078525 
0.07855 
0.078575 
0.0786 
0.078625 
0.07865 
0.078675 
0.0787 
0.078725 
0.07875 
0.078775 
0.0788 
0.078825 
0.07885 
0.078875 
0.0789 
0.078925 
0.07895 
0.078975 
0.079 
0.079025 
0.07905 
0.079075 
0.0791 
0.079125 
0.07915 
0.079175 
0.0792 
0.079225 
0.07925 
0.079275 
0.0793 
0.079325 
0.07935 
0.079375 
0.0794 
0.079425 
0.07945 
0.079475 
0.0795 
0.079525 
0.07955 
0.079575 
0.0796 
0.079625 
0.07965 
0.079675 
0.0797 
0.079725 
0.07975 
0.079775 
0.0798 
0.079825 
0.07985 
0.079875 
0.0799 
0.079925 
0.07995 
0.079975 
0.08 
0.080025 
0.08005 
0.080075 
0.0801 
0.080125 
0.08015 
0.080175 
0.0802 
0.080225 
0.08025 
0.080275 
0.0803 
0.080325 
0.08035 
0.080375 
0.0804 
0.080425 
0.08045 
0.080475 
0.0805 
0.080525 
0.08055 
0.080575 
0.0806 
0.080625 
0.08065 
0.080675 
0.0807 
0.080725 
0.08075 
0.080775 
0.0808 
0.080825 
0.08085 
0.080875 
0.0809 
0.080925 
0.08095 
0.080975 
0.081 
0.081025 
0.08105 
0.081075 
0.0811 
0.081125 
0.08115 
0.081175 
0.0812 
0.081225 
0.08125 
0.081275 
0.0813 
0.081325 
0.08135 
0.081375 
0.0814 
0.081425 
0.08145 
0.081475 
0.0815 
0.081525 
0.08155 
0.081575 
0.0816 
0.081625 
0.08165 
0.081675 
0.0817 
0.081725 
0.08175 
0.081775 
0.0818 
0.081825 
0.08185 
0.081875 
0.0819 
0.081925 
0.08195 
0.081975 
0.082 
0.082025 
0.08205 
0.082075 
0.0821 
0.082125 
0.08215 
0.082175 
0.0822 
0.082225 
0.08225 
0.082275 
0.0823 
0.082325 
0.08235 
0.082375 
0.0824 
0.082425 
0.08245 
0.082475 
0.0825 
0.082525 
0.08255 
0.082575 
0.0826 
0.082625 
0.08265 
0.082675 
0.0827 
0.082725 
0.08275 
0.082775 
0.0828 
0.082825 
0.08285 
0.082875 
0.0829 
0.082925 
0.08295 
0.082975 
0.083 
0.083025 
0.08305 
0.083075 
0.0831 
0.083125 
0.08315 
0.083175 
0.0832 
0.083225 
0.08325 
0.083275 
0.0833 
0.083325 
0.08335 
0.083375 
0.0834 
0.083425 
0.08345 
0.083475 
0.0835 
0.083525 
0.08355 
0.083575 
0.0836 
0.083625 
0.08365 
0.083675 
0.0837 
0.083725 
0.08375 
0.083775 
0.0838 
0.083825 
0.08385 
0.083875 
0.0839 
0.083925 
0.08395 
0.083975 
0.084 
0.084025 
0.08405 
0.084075 
0.0841 
0.084125 
0.08415 
0.084175 
0.0842 
0.084225 
0.08425 
0.084275 
0.0843 
0.084325 
0.08435 
0.084375 
0.0844 
0.084425 
0.08445 
0.084475 
0.0845 
0.084525 
0.08455 
0.084575 
0.0846 
0.084625 
0.08465 
0.084675 
0.0847 
0.084725 
0.08475 
0.084775 
0.0848 
0.084825 
0.08485 
0.084875 
0.0849 
0.084925 
0.08495 
0.084975 
0.085 
0.085025 
0.08505 
0.085075 
0.0851 
0.085125 
0.08515 
0.085175 
0.0852 
0.085225 
0.08525 
0.085275 
0.0853 
0.085325 
0.08535 
0.085375 
0.0854 
0.085425 
0.08545 
0.085475 
0.0855 
0.085525 
0.08555 
0.085575 
0.0856 
0.085625 
0.08565 
0.085675 
0.0857 
0.085725 
0.08575 
0.085775 
0.0858 
0.085825 
0.08585 
0.085875 
0.0859 
0.085925 
0.08595 
0.085975 
0.086 
0.086025 
0.08605 
0.086075 
0.0861 
0.086125 
0.08615 
0.086175 
0.0862 
0.086225 
0.08625 
0.086275 
0.0863 
0.086325 
0.08635 
0.086375 
0.0864 
0.086425 
0.08645 
0.086475 
0.0865 
0.086525 
0.08655 
0.086575 
0.0866 
0.086625 
0.08665 
0.086675 
0.0867 
0.086725 
0.08675 
0.086775 
0.0868 
0.086825 
0.08685 
0.086875 
0.0869 
0.086925 
0.08695 
0.086975 
0.087 
0.087025 
0.08705 
0.087075 
0.0871 
0.087125 
0.08715 
0.087175 
0.0872 
0.087225 
0.08725 
0.087275 
0.0873 
0.087325 
0.08735 
0.087375 
0.0874 
0.087425 
0.08745 
0.087475 
0.0875 
0.087525 
0.08755 
0.087575 
0.0876 
0.087625 
0.08765 
0.087675 
0.0877 
0.087725 
0.08775 
0.087775 
0.0878 
0.087825 
0.08785 
0.087875 
0.0879 
0.087925 
0.08795 
0.087975 
0.088 
0.088025 
0.08805 
0.088075 
0.0881 
0.088125 
0.08815 
0.088175 
0.0882 
0.088225 
0.08825 
0.088275 
0.0883 
0.088325 
0.08835 
0.088375 
0.0884 
0.088425 
0.08845 
0.088475 
0.0885 
0.088525 
0.08855 
0.088575 
0.0886 
0.088625 
0.08865 
0.088675 
0.0887 
0.088725 
0.08875 
0.088775 
0.0888 
0.088825 
0.08885 
0.088875 
0.0889 
0.088925 
0.08895 
0.088975 
0.089 
0.089025 
0.08905 
0.089075 
0.0891 
0.089125 
0.08915 
0.089175 
0.0892 
0.089225 
0.08925 
0.089275 
0.0893 
0.089325 
0.08935 
0.089375 
0.0894 
0.089425 
0.08945 
0.089475 
0.0895 
0.089525 
0.08955 
0.089575 
0.0896 
0.089625 
0.08965 
0.089675 
0.0897 
0.089725 
0.08975 
0.089775 
0.0898 
0.089825 
0.08985 
0.089875 
0.0899 
0.089925 
0.08995 
0.089975 
0.09 
0.090025 
0.09005 
0.090075 
0.0901 
0.090125 
0.09015 
0.090175 
0.0902 
0.090225 
0.09025 
0.090275 
0.0903 
0.090325 
0.09035 
0.090375 
0.0904 
0.090425 
0.09045 
0.090475 
0.0905 
0.090525 
0.09055 
0.090575 
0.0906 
0.090625 
0.09065 
0.090675 
0.0907 
0.090725 
0.09075 
0.090775 
0.0908 
0.090825 
0.09085 
0.090875 
0.0909 
0.090925 
0.09095 
0.090975 
0.091 
0.091025 
0.09105 
0.091075 
0.0911 
0.091125 
0.09115 
0.091175 
0.0912 
0.091225 
0.09125 
0.091275 
0.0913 
0.091325 
0.09135 
0.091375 
0.0914 
0.091425 
0.09145 
0.091475 
0.0915 
0.091525 
0.09155 
0.091575 
0.0916 
0.091625 
0.09165 
0.091675 
0.0917 
0.091725 
0.09175 
0.091775 
0.0918 
0.091825 
0.09185 
0.091875 
0.0919 
0.091925 
0.09195 
0.091975 
0.092 
0.092025 
0.09205 
0.092075 
0.0921 
0.092125 
0.09215 
0.092175 
0.0922 
0.092225 
0.09225 
0.092275 
0.0923 
0.092325 
0.09235 
0.092375 
0.0924 
0.092425 
0.09245 
0.092475 
0.0925 
0.092525 
0.09255 
0.092575 
0.0926 
0.092625 
0.09265 
0.092675 
0.0927 
0.092725 
0.09275 
0.092775 
0.0928 
0.092825 
0.09285 
0.092875 
0.0929 
0.092925 
0.09295 
0.092975 
0.093 
0.093025 
0.09305 
0.093075 
0.0931 
0.093125 
0.09315 
0.093175 
0.0932 
0.093225 
0.09325 
0.093275 
0.0933 
0.093325 
0.09335 
0.093375 
0.0934 
0.093425 
0.09345 
0.093475 
0.0935 
0.093525 
0.09355 
0.093575 
0.0936 
0.093625 
0.09365 
0.093675 
0.0937 
0.093725 
0.09375 
0.093775 
0.0938 
0.093825 
0.09385 
0.093875 
0.0939 
0.093925 
0.09395 
0.093975 
0.094 
0.094025 
0.09405 
0.094075 
0.0941 
0.094125 
0.09415 
0.094175 
0.0942 
0.094225 
0.09425 
0.094275 
0.0943 
0.094325 
0.09435 
0.094375 
0.0944 
0.094425 
0.09445 
0.094475 
0.0945 
0.094525 
0.09455 
0.094575 
0.0946 
0.094625 
0.09465 
0.094675 
0.0947 
0.094725 
0.09475 
0.094775 
0.0948 
0.094825 
0.09485 
0.094875 
0.0949 
0.094925 
0.09495 
0.094975 
0.095 
0.095025 
0.09505 
0.095075 
0.0951 
0.095125 
0.09515 
0.095175 
0.0952 
0.095225 
0.09525 
0.095275 
0.0953 
0.095325 
0.09535 
0.095375 
0.0954 
0.095425 
0.09545 
0.095475 
0.0955 
0.095525 
0.09555 
0.095575 
0.0956 
0.095625 
0.09565 
0.095675 
0.0957 
0.095725 
0.09575 
0.095775 
0.0958 
0.095825 
0.09585 
0.095875 
0.0959 
0.095925 
0.09595 
0.095975 
0.096 
0.096025 
0.09605 
0.096075 
0.0961 
0.096125 
0.09615 
0.096175 
0.0962 
0.096225 
0.09625 
0.096275 
0.0963 
0.096325 
0.09635 
0.096375 
0.0964 
0.096425 
0.09645 
0.096475 
0.0965 
0.096525 
0.09655 
0.096575 
0.0966 
0.096625 
0.09665 
0.096675 
0.0967 
0.096725 
0.09675 
0.096775 
0.0968 
0.096825 
0.09685 
0.096875 
0.0969 
0.096925 
0.09695 
0.096975 
0.097 
0.097025 
0.09705 
0.097075 
0.0971 
0.097125 
0.09715 
0.097175 
0.0972 
0.097225 
0.09725 
0.097275 
0.0973 
0.097325 
0.09735 
0.097375 
0.0974 
0.097425 
0.09745 
0.097475 
0.0975 
0.097525 
0.09755 
0.097575 
0.0976 
0.097625 
0.09765 
0.097675 
0.0977 
0.097725 
0.09775 
0.097775 
0.0978 
0.097825 
0.09785 
0.097875 
0.0979 
0.097925 
0.09795 
0.097975 
0.098 
0.098025 
0.09805 
0.098075 
0.0981 
0.098125 
0.09815 
0.098175 
0.0982 
0.098225 
0.09825 
0.098275 
0.0983 
0.098325 
0.09835 
0.098375 
0.0984 
0.098425 
0.09845 
0.098475 
0.0985 
0.098525 
0.09855 
0.098575 
0.0986 
0.098625 
0.09865 
0.098675 
0.0987 
0.098725 
0.09875 
0.098775 
0.0988 
0.098825 
0.09885 
0.098875 
0.0989 
0.098925 
0.09895 
0.098975 
0.099 
0.099025 
0.09905 
0.099075 
0.0991 
0.099125 
0.09915 
0.099175 
0.0992 
0.099225 
0.09925 
0.099275 
0.0993 
0.099325 
0.09935 
0.099375 
0.0994 
0.099425 
0.09945 
0.099475 
0.0995 
0.099525 
0.09955 
0.099575 
0.0996 
0.099625 
0.09965 
0.099675 
0.0997 
0.099725 
0.09975 
0.099775 
0.0998 
0.099825 
0.09985 
0.099875 
0.0999 
0.099925 
0.09995 
0.099975 
0.1 
0.100025 
0.10005 
0.100075 
0.1001 
0.100125 
0.10015 
0.100175 
0.1002 
0.100225 
0.10025 
0.100275 
0.1003 
0.100325 
0.10035 
0.100375 
0.1004 
0.100425 
0.10045 
0.100475 
0.1005 
0.100525 
0.10055 
0.100575 
0.1006 
0.100625 
0.10065 
0.100675 
0.1007 
0.100725 
0.10075 
0.100775 
0.1008 
0.100825 
0.10085 
0.100875 
0.1009 
0.100925 
0.10095 
0.100975 
0.101 
0.101025 
0.10105 
0.101075 
0.1011 
0.101125 
0.10115 
0.101175 
0.1012 
0.101225 
0.10125 
0.101275 
0.1013 
0.101325 
0.10135 
0.101375 
0.1014 
0.101425 
0.10145 
0.101475 
0.1015 
0.101525 
0.10155 
0.101575 
0.1016 
0.101625 
0.10165 
0.101675 
0.1017 
0.101725 
0.10175 
0.101775 
0.1018 
0.101825 
0.10185 
0.101875 
0.1019 
0.101925 
0.10195 
0.101975 
0.102 
0.102025 
0.10205 
0.102075 
0.1021 
0.102125 
0.10215 
0.102175 
0.1022 
0.102225 
0.10225 
0.102275 
0.1023 
0.102325 
0.10235 
0.102375 
0.1024 
0.102425 
0.10245 
0.102475 
0.1025 
0.102525 
0.10255 
0.102575 
0.1026 
0.102625 
0.10265 
0.102675 
0.1027 
0.102725 
0.10275 
0.102775 
0.1028 
0.102825 
0.10285 
0.102875 
0.1029 
0.102925 
0.10295 
0.102975 
0.103 
0.103025 
0.10305 
0.103075 
0.1031 
0.103125 
0.10315 
0.103175 
0.1032 
0.103225 
0.10325 
0.103275 
0.1033 
0.103325 
0.10335 
0.103375 
0.1034 
0.103425 
0.10345 
0.103475 
0.1035 
0.103525 
0.10355 
0.103575 
0.1036 
0.103625 
0.10365 
0.103675 
0.1037 
0.103725 
0.10375 
0.103775 
0.1038 
0.103825 
0.10385 
0.103875 
0.1039 
0.103925 
0.10395 
0.103975 
0.104 
0.104025 
0.10405 
0.104075 
0.1041 
0.104125 
0.10415 
0.104175 
0.1042 
0.104225 
0.10425 
0.104275 
0.1043 
0.104325 
0.10435 
0.104375 
0.1044 
0.104425 
0.10445 
0.104475 
0.1045 
0.104525 
0.10455 
0.104575 
0.1046 
0.104625 
0.10465 
0.104675 
0.1047 
0.104725 
0.10475 
0.104775 
0.1048 
0.104825 
0.10485 
0.104875 
0.1049 
0.104925 
0.10495 
0.104975 
0.105 
0.105025 
0.10505 
0.105075 
0.1051 
0.105125 
0.10515 
0.105175 
0.1052 
0.105225 
0.10525 
0.105275 
0.1053 
0.105325 
0.10535 
0.105375 
0.1054 
0.105425 
0.10545 
0.105475 
0.1055 
0.105525 
0.10555 
0.105575 
0.1056 
0.105625 
0.10565 
0.105675 
0.1057 
0.105725 
0.10575 
0.105775 
0.1058 
0.105825 
0.10585 
0.105875 
0.1059 
0.105925 
0.10595 
0.105975 
0.106 
0.106025 
0.10605 
0.106075 
0.1061 
0.106125 
0.10615 
0.106175 
0.1062 
0.106225 
0.10625 
0.106275 
0.1063 
0.106325 
0.10635 
0.106375 
0.1064 
0.106425 
0.10645 
0.106475 
0.1065 
0.106525 
0.10655 
0.106575 
0.1066 
0.106625 
0.10665 
0.106675 
0.1067 
0.106725 
0.10675 
0.106775 
0.1068 
0.106825 
0.10685 
0.106875 
0.1069 
0.106925 
0.10695 
0.106975 
0.107 
0.107025 
0.10705 
0.107075 
0.1071 
0.107125 
0.10715 
0.107175 
0.1072 
0.107225 
0.10725 
0.107275 
0.1073 
0.107325 
0.10735 
0.107375 
0.1074 
0.107425 
0.10745 
0.107475 
0.1075 
0.107525 
0.10755 
0.107575 
0.1076 
0.107625 
0.10765 
0.107675 
0.1077 
0.107725 
0.10775 
0.107775 
0.1078 
0.107825 
0.10785 
0.107875 
0.1079 
0.107925 
0.10795 
0.107975 
0.108 
0.108025 
0.10805 
0.108075 
0.1081 
0.108125 
0.10815 
0.108175 
0.1082 
0.108225 
0.10825 
0.108275 
0.1083 
0.108325 
0.10835 
0.108375 
0.1084 
0.108425 
0.10845 
0.108475 
0.1085 
0.108525 
0.10855 
0.108575 
0.1086 
0.108625 
0.10865 
0.108675 
0.1087 
0.108725 
0.10875 
0.108775 
0.1088 
0.108825 
0.10885 
0.108875 
0.1089 
0.108925 
0.10895 
0.108975 
0.109 
0.109025 
0.10905 
0.109075 
0.1091 
0.109125 
0.10915 
0.109175 
0.1092 
0.109225 
0.10925 
0.109275 
0.1093 
0.109325 
0.10935 
0.109375 
0.1094 
0.109425 
0.10945 
0.109475 
0.1095 
0.109525 
0.10955 
0.109575 
0.1096 
0.109625 
0.10965 
0.109675 
0.1097 
0.109725 
0.10975 
0.109775 
0.1098 
0.109825 
0.10985 
0.109875 
0.1099 
0.109925 
0.10995 
0.109975 
0.11 
0.110025 
0.11005 
0.110075 
0.1101 
0.110125 
0.11015 
0.110175 
0.1102 
0.110225 
0.11025 
0.110275 
0.1103 
0.110325 
0.11035 
0.110375 
0.1104 
0.110425 
0.11045 
0.110475 
0.1105 
0.110525 
0.11055 
0.110575 
0.1106 
0.110625 
0.11065 
0.110675 
0.1107 
0.110725 
0.11075 
0.110775 
0.1108 
0.110825 
0.11085 
0.110875 
0.1109 
0.110925 
0.11095 
0.110975 
0.111 
0.111025 
0.11105 
0.111075 
0.1111 
0.111125 
0.11115 
0.111175 
0.1112 
0.111225 
0.11125 
0.111275 
0.1113 
0.111325 
0.11135 
0.111375 
0.1114 
0.111425 
0.11145 
0.111475 
0.1115 
0.111525 
0.11155 
0.111575 
0.1116 
0.111625 
0.11165 
0.111675 
0.1117 
0.111725 
0.11175 
0.111775 
0.1118 
0.111825 
0.11185 
0.111875 
0.1119 
0.111925 
0.11195 
0.111975 
0.112 
0.112025 
0.11205 
0.112075 
0.1121 
0.112125 
0.11215 
0.112175 
0.1122 
0.112225 
0.11225 
0.112275 
0.1123 
0.112325 
0.11235 
0.112375 
0.1124 
0.112425 
0.11245 
0.112475 
0.1125 
0.112525 
0.11255 
0.112575 
0.1126 
0.112625 
0.11265 
0.112675 
0.1127 
0.112725 
0.11275 
0.112775 
0.1128 
0.112825 
0.11285 
0.112875 
0.1129 
0.112925 
0.11295 
0.112975 
0.113 
0.113025 
0.11305 
0.113075 
0.1131 
0.113125 
0.11315 
0.113175 
0.1132 
0.113225 
0.11325 
0.113275 
0.1133 
0.113325 
0.11335 
0.113375 
0.1134 
0.113425 
0.11345 
0.113475 
0.1135 
0.113525 
0.11355 
0.113575 
0.1136 
0.113625 
0.11365 
0.113675 
0.1137 
0.113725 
0.11375 
0.113775 
0.1138 
0.113825 
0.11385 
0.113875 
0.1139 
0.113925 
0.11395 
0.113975 
0.114 
0.114025 
0.11405 
0.114075 
0.1141 
0.114125 
0.11415 
0.114175 
0.1142 
0.114225 
0.11425 
0.114275 
0.1143 
0.114325 
0.11435 
0.114375 
0.1144 
0.114425 
0.11445 
0.114475 
0.1145 
0.114525 
0.11455 
0.114575 
0.1146 
0.114625 
0.11465 
0.114675 
0.1147 
0.114725 
0.11475 
0.114775 
0.1148 
0.114825 
0.11485 
0.114875 
0.1149 
0.114925 
0.11495 
0.114975 
0.115 
0.115025 
0.11505 
0.115075 
0.1151 
0.115125 
0.11515 
0.115175 
0.1152 
0.115225 
0.11525 
0.115275 
0.1153 
0.115325 
0.11535 
0.115375 
0.1154 
0.115425 
0.11545 
0.115475 
0.1155 
0.115525 
0.11555 
0.115575 
0.1156 
0.115625 
0.11565 
0.115675 
0.1157 
0.115725 
0.11575 
0.115775 
0.1158 
0.115825 
0.11585 
0.115875 
0.1159 
0.115925 
0.11595 
0.115975 
0.116 
0.116025 
0.11605 
0.116075 
0.1161 
0.116125 
0.11615 
0.116175 
0.1162 
0.116225 
0.11625 
0.116275 
0.1163 
0.116325 
0.11635 
0.116375 
0.1164 
0.116425 
0.11645 
0.116475 
0.1165 
0.116525 
0.11655 
0.116575 
0.1166 
0.116625 
0.11665 
0.116675 
0.1167 
0.116725 
0.11675 
0.116775 
0.1168 
0.116825 
0.11685 
0.116875 
0.1169 
0.116925 
0.11695 
0.116975 
0.117 
0.117025 
0.11705 
0.117075 
0.1171 
0.117125 
0.11715 
0.117175 
0.1172 
0.117225 
0.11725 
0.117275 
0.1173 
0.117325 
0.11735 
0.117375 
0.1174 
0.117425 
0.11745 
0.117475 
0.1175 
0.117525 
0.11755 
0.117575 
0.1176 
0.117625 
0.11765 
0.117675 
0.1177 
0.117725 
0.11775 
0.117775 
0.1178 
0.117825 
0.11785 
0.117875 
0.1179 
0.117925 
0.11795 
0.117975 
0.118 
0.118025 
0.11805 
0.118075 
0.1181 
0.118125 
0.11815 
0.118175 
0.1182 
0.118225 
0.11825 
0.118275 
0.1183 
0.118325 
0.11835 
0.118375 
0.1184 
0.118425 
0.11845 
0.118475 
0.1185 
0.118525 
0.11855 
0.118575 
0.1186 
0.118625 
0.11865 
0.118675 
0.1187 
0.118725 
0.11875 
0.118775 
0.1188 
0.118825 
0.11885 
0.118875 
0.1189 
0.118925 
0.11895 
0.118975 
0.119 
0.119025 
0.11905 
0.119075 
0.1191 
0.119125 
0.11915 
0.119175 
0.1192 
0.119225 
0.11925 
0.119275 
0.1193 
0.119325 
0.11935 
0.119375 
0.1194 
0.119425 
0.11945 
0.119475 
0.1195 
0.119525 
0.11955 
0.119575 
0.1196 
0.119625 
0.11965 
0.119675 
0.1197 
0.119725 
0.11975 
0.119775 
0.1198 
0.119825 
0.11985 
0.119875 
0.1199 
0.119925 
0.11995 
0.119975 
0.12 
0.120025 
0.12005 
0.120075 
0.1201 
0.120125 
0.12015 
0.120175 
0.1202 
0.120225 
0.12025 
0.120275 
0.1203 
0.120325 
0.12035 
0.120375 
0.1204 
0.120425 
0.12045 
0.120475 
0.1205 
0.120525 
0.12055 
0.120575 
0.1206 
0.120625 
0.12065 
0.120675 
0.1207 
0.120725 
0.12075 
0.120775 
0.1208 
0.120825 
0.12085 
0.120875 
0.1209 
0.120925 
0.12095 
0.120975 
0.121 
0.121025 
0.12105 
0.121075 
0.1211 
0.121125 
0.12115 
0.121175 
0.1212 
0.121225 
0.12125 
0.121275 
0.1213 
0.121325 
0.12135 
0.121375 
0.1214 
0.121425 
0.12145 
0.121475 
0.1215 
0.121525 
0.12155 
0.121575 
0.1216 
0.121625 
0.12165 
0.121675 
0.1217 
0.121725 
0.12175 
0.121775 
0.1218 
0.121825 
0.12185 
0.121875 
0.1219 
0.121925 
0.12195 
0.121975 
0.122 
0.122025 
0.12205 
0.122075 
0.1221 
0.122125 
0.12215 
0.122175 
0.1222 
0.122225 
0.12225 
0.122275 
0.1223 
0.122325 
0.12235 
0.122375 
0.1224 
0.122425 
0.12245 
0.122475 
0.1225 
0.122525 
0.12255 
0.122575 
0.1226 
0.122625 
0.12265 
0.122675 
0.1227 
0.122725 
0.12275 
0.122775 
0.1228 
0.122825 
0.12285 
0.122875 
0.1229 
0.122925 
0.12295 
0.122975 
0.123 
0.123025 
0.12305 
0.123075 
0.1231 
0.123125 
0.12315 
0.123175 
0.1232 
0.123225 
0.12325 
0.123275 
0.1233 
0.123325 
0.12335 
0.123375 
0.1234 
0.123425 
0.12345 
0.123475 
0.1235 
0.123525 
0.12355 
0.123575 
0.1236 
0.123625 
0.12365 
0.123675 
0.1237 
0.123725 
0.12375 
0.123775 
0.1238 
0.123825 
0.12385 
0.123875 
0.1239 
0.123925 
0.12395 
0.123975 
0.124 
0.124025 
0.12405 
0.124075 
0.1241 
0.124125 
0.12415 
0.124175 
0.1242 
0.124225 
0.12425 
0.124275 
0.1243 
0.124325 
0.12435 
0.124375 
0.1244 
0.124425 
0.12445 
0.124475 
0.1245 
0.124525 
0.12455 
0.124575 
0.1246 
0.124625 
0.12465 
0.124675 
0.1247 
0.124725 
0.12475 
0.124775 
0.1248 
0.124825 
0.12485 
0.124875 
0.1249 
0.124925 
0.12495 
0.124975 
0.125 
0.125025 
0.12505 
0.125075 
0.1251 
0.125125 
0.12515 
0.125175 
0.1252 
0.125225 
0.12525 
0.125275 
0.1253 
0.125325 
0.12535 
0.125375 
0.1254 
0.125425 
0.12545 
0.125475 
0.1255 
0.125525 
0.12555 
0.125575 
0.1256 
0.125625 
0.12565 
0.125675 
0.1257 
0.125725 
0.12575 
0.125775 
0.1258 
0.125825 
0.12585 
0.125875 
0.1259 
0.125925 
0.12595 
0.125975 
0.126 
0.126025 
0.12605 
0.126075 
0.1261 
0.126125 
0.12615 
0.126175 
0.1262 
0.126225 
0.12625 
0.126275 
0.1263 
0.126325 
0.12635 
0.126375 
0.1264 
0.126425 
0.12645 
0.126475 
0.1265 
0.126525 
0.12655 
0.126575 
0.1266 
0.126625 
0.12665 
0.126675 
0.1267 
0.126725 
0.12675 
0.126775 
0.1268 
0.126825 
0.12685 
0.126875 
0.1269 
0.126925 
0.12695 
0.126975 
0.127 
0.127025 
0.12705 
0.127075 
0.1271 
0.127125 
0.12715 
0.127175 
0.1272 
0.127225 
0.12725 
0.127275 
0.1273 
0.127325 
0.12735 
0.127375 
0.1274 
0.127425 
0.12745 
0.127475 
0.1275 
0.127525 
0.12755 
0.127575 
0.1276 
0.127625 
0.12765 
0.127675 
0.1277 
0.127725 
0.12775 
0.127775 
0.1278 
0.127825 
0.12785 
0.127875 
0.1279 
0.127925 
0.12795 
0.127975 
0.128 
0.128025 
0.12805 
0.128075 
0.1281 
0.128125 
0.12815 
0.128175 
0.1282 
0.128225 
0.12825 
0.128275 
0.1283 
0.128325 
0.12835 
0.128375 
0.1284 
0.128425 
0.12845 
0.128475 
0.1285 
0.128525 
0.12855 
0.128575 
0.1286 
0.128625 
0.12865 
0.128675 
0.1287 
0.128725 
0.12875 
0.128775 
0.1288 
0.128825 
0.12885 
0.128875 
0.1289 
0.128925 
0.12895 
0.128975 
0.129 
0.129025 
0.12905 
0.129075 
0.1291 
0.129125 
0.12915 
0.129175 
0.1292 
0.129225 
0.12925 
0.129275 
0.1293 
0.129325 
0.12935 
0.129375 
0.1294 
0.129425 
0.12945 
0.129475 
0.1295 
0.129525 
0.12955 
0.129575 
0.1296 
0.129625 
0.12965 
0.129675 
0.1297 
0.129725 
0.12975 
0.129775 
0.1298 
0.129825 
0.12985 
0.129875 
0.1299 
0.129925 
0.12995 
0.129975 
0.13 
0.130025 
0.13005 
0.130075 
0.1301 
0.130125 
0.13015 
0.130175 
0.1302 
0.130225 
0.13025 
0.130275 
0.1303 
0.130325 
0.13035 
0.130375 
0.1304 
0.130425 
0.13045 
0.130475 
0.1305 
0.130525 
0.13055 
0.130575 
0.1306 
0.130625 
0.13065 
0.130675 
0.1307 
0.130725 
0.13075 
0.130775 
0.1308 
0.130825 
0.13085 
0.130875 
0.1309 
0.130925 
0.13095 
0.130975 
0.131 
0.131025 
0.13105 
0.131075 
0.1311 
0.131125 
0.13115 
0.131175 
0.1312 
0.131225 
0.13125 
0.131275 
0.1313 
0.131325 
0.13135 
0.131375 
0.1314 
0.131425 
0.13145 
0.131475 
0.1315 
0.131525 
0.13155 
0.131575 
0.1316 
0.131625 
0.13165 
0.131675 
0.1317 
0.131725 
0.13175 
0.131775 
0.1318 
0.131825 
0.13185 
0.131875 
0.1319 
0.131925 
0.13195 
0.131975 
0.132 
0.132025 
0.13205 
0.132075 
0.1321 
0.132125 
0.13215 
0.132175 
0.1322 
0.132225 
0.13225 
0.132275 
0.1323 
0.132325 
0.13235 
0.132375 
0.1324 
0.132425 
0.13245 
0.132475 
0.1325 
0.132525 
0.13255 
0.132575 
0.1326 
0.132625 
0.13265 
0.132675 
0.1327 
0.132725 
0.13275 
0.132775 
0.1328 
0.132825 
0.13285 
0.132875 
0.1329 
0.132925 
0.13295 
0.132975 
0.133 
0.133025 
0.13305 
0.133075 
0.1331 
0.133125 
0.13315 
0.133175 
0.1332 
0.133225 
0.13325 
0.133275 
0.1333 
0.133325 
0.13335 
0.133375 
0.1334 
0.133425 
0.13345 
0.133475 
0.1335 
0.133525 
0.13355 
0.133575 
0.1336 
0.133625 
0.13365 
0.133675 
0.1337 
0.133725 
0.13375 
0.133775 
0.1338 
0.133825 
0.13385 
0.133875 
0.1339 
0.133925 
0.13395 
0.133975 
0.134 
0.134025 
0.13405 
0.134075 
0.1341 
0.134125 
0.13415 
0.134175 
0.1342 
0.134225 
0.13425 
0.134275 
0.1343 
0.134325 
0.13435 
0.134375 
0.1344 
0.134425 
0.13445 
0.134475 
0.1345 
0.134525 
0.13455 
0.134575 
0.1346 
0.134625 
0.13465 
0.134675 
0.1347 
0.134725 
0.13475 
0.134775 
0.1348 
0.134825 
0.13485 
0.134875 
0.1349 
0.134925 
0.13495 
0.134975 
0.135 
0.135025 
0.13505 
0.135075 
0.1351 
0.135125 
0.13515 
0.135175 
0.1352 
0.135225 
0.13525 
0.135275 
0.1353 
0.135325 
0.13535 
0.135375 
0.1354 
0.135425 
0.13545 
0.135475 
0.1355 
0.135525 
0.13555 
0.135575 
0.1356 
0.135625 
0.13565 
0.135675 
0.1357 
0.135725 
0.13575 
0.135775 
0.1358 
0.135825 
0.13585 
0.135875 
0.1359 
0.135925 
0.13595 
0.135975 
0.136 
0.136025 
0.13605 
0.136075 
0.1361 
0.136125 
0.13615 
0.136175 
0.1362 
0.136225 
0.13625 
0.136275 
0.1363 
0.136325 
0.13635 
0.136375 
0.1364 
0.136425 
0.13645 
0.136475 
0.1365 
0.136525 
0.13655 
0.136575 
0.1366 
0.136625 
0.13665 
0.136675 
0.1367 
0.136725 
0.13675 
0.136775 
0.1368 
0.136825 
0.13685 
0.136875 
0.1369 
0.136925 
0.13695 
0.136975 
0.137 
0.137025 
0.13705 
0.137075 
0.1371 
0.137125 
0.13715 
0.137175 
0.1372 
0.137225 
0.13725 
0.137275 
0.1373 
0.137325 
0.13735 
0.137375 
0.1374 
0.137425 
0.13745 
0.137475 
0.1375 
0.137525 
0.13755 
0.137575 
0.1376 
0.137625 
0.13765 
0.137675 
0.1377 
0.137725 
0.13775 
0.137775 
0.1378 
0.137825 
0.13785 
0.137875 
0.1379 
0.137925 
0.13795 
0.137975 
0.138 
0.138025 
0.13805 
0.138075 
0.1381 
0.138125 
0.13815 
0.138175 
0.1382 
0.138225 
0.13825 
0.138275 
0.1383 
0.138325 
0.13835 
0.138375 
0.1384 
0.138425 
0.13845 
0.138475 
0.1385 
0.138525 
0.13855 
0.138575 
0.1386 
0.138625 
0.13865 
0.138675 
0.1387 
0.138725 
0.13875 
0.138775 
0.1388 
0.138825 
0.13885 
0.138875 
0.1389 
0.138925 
0.13895 
0.138975 
0.139 
0.139025 
0.13905 
0.139075 
0.1391 
0.139125 
0.13915 
0.139175 
0.1392 
0.139225 
0.13925 
0.139275 
0.1393 
0.139325 
0.13935 
0.139375 
0.1394 
0.139425 
0.13945 
0.139475 
0.1395 
0.139525 
0.13955 
0.139575 
0.1396 
0.139625 
0.13965 
0.139675 
0.1397 
0.139725 
0.13975 
0.139775 
0.1398 
0.139825 
0.13985 
0.139875 
0.1399 
0.139925 
0.13995 
0.139975 
0.14 
0.140025 
0.14005 
0.140075 
0.1401 
0.140125 
0.14015 
0.140175 
0.1402 
0.140225 
0.14025 
0.140275 
0.1403 
0.140325 
0.14035 
0.140375 
0.1404 
0.140425 
0.14045 
0.140475 
0.1405 
0.140525 
0.14055 
0.140575 
0.1406 
0.140625 
0.14065 
0.140675 
0.1407 
0.140725 
0.14075 
0.140775 
0.1408 
0.140825 
0.14085 
0.140875 
0.1409 
0.140925 
0.14095 
0.140975 
0.141 
0.141025 
0.14105 
0.141075 
0.1411 
0.141125 
0.14115 
0.141175 
0.1412 
0.141225 
0.14125 
0.141275 
0.1413 
0.141325 
0.14135 
0.141375 
0.1414 
0.141425 
0.14145 
0.141475 
0.1415 
0.141525 
0.14155 
0.141575 
0.1416 
0.141625 
0.14165 
0.141675 
0.1417 
0.141725 
0.14175 
0.141775 
0.1418 
0.141825 
0.14185 
0.141875 
0.1419 
0.141925 
0.14195 
0.141975 
0.142 
0.142025 
0.14205 
0.142075 
0.1421 
0.142125 
0.14215 
0.142175 
0.1422 
0.142225 
0.14225 
0.142275 
0.1423 
0.142325 
0.14235 
0.142375 
0.1424 
0.142425 
0.14245 
0.142475 
0.1425 
0.142525 
0.14255 
0.142575 
0.1426 
0.142625 
0.14265 
0.142675 
0.1427 
0.142725 
0.14275 
0.142775 
0.1428 
0.142825 
0.14285 
0.142875 
0.1429 
0.142925 
0.14295 
0.142975 
0.143 
0.143025 
0.14305 
0.143075 
0.1431 
0.143125 
0.14315 
0.143175 
0.1432 
0.143225 
0.14325 
0.143275 
0.1433 
0.143325 
0.14335 
0.143375 
0.1434 
0.143425 
0.14345 
0.143475 
0.1435 
0.143525 
0.14355 
0.143575 
0.1436 
0.143625 
0.14365 
0.143675 
0.1437 
0.143725 
0.14375 
0.143775 
0.1438 
0.143825 
0.14385 
0.143875 
0.1439 
0.143925 
0.14395 
0.143975 
0.144 
0.144025 
0.14405 
0.144075 
0.1441 
0.144125 
0.14415 
0.144175 
0.1442 
0.144225 
0.14425 
0.144275 
0.1443 
0.144325 
0.14435 
0.144375 
0.1444 
0.144425 
0.14445 
0.144475 
0.1445 
0.144525 
0.14455 
0.144575 
0.1446 
0.144625 
0.14465 
0.144675 
0.1447 
0.144725 
0.14475 
0.144775 
0.1448 
0.144825 
0.14485 
0.144875 
0.1449 
0.144925 
0.14495 
0.144975 
0.145 
0.145025 
0.14505 
0.145075 
0.1451 
0.145125 
0.14515 
0.145175 
0.1452 
0.145225 
0.14525 
0.145275 
0.1453 
0.145325 
0.14535 
0.145375 
0.1454 
0.145425 
0.14545 
0.145475 
0.1455 
0.145525 
0.14555 
0.145575 
0.1456 
0.145625 
0.14565 
0.145675 
0.1457 
0.145725 
0.14575 
0.145775 
0.1458 
0.145825 
0.14585 
0.145875 
0.1459 
0.145925 
0.14595 
0.145975 
0.146 
0.146025 
0.14605 
0.146075 
0.1461 
0.146125 
0.14615 
0.146175 
0.1462 
0.146225 
0.14625 
0.146275 
0.1463 
0.146325 
0.14635 
0.146375 
0.1464 
0.146425 
0.14645 
0.146475 
0.1465 
0.146525 
0.14655 
0.146575 
0.1466 
0.146625 
0.14665 
0.146675 
0.1467 
0.146725 
0.14675 
0.146775 
0.1468 
0.146825 
0.14685 
0.146875 
0.1469 
0.146925 
0.14695 
0.146975 
0.147 
0.147025 
0.14705 
0.147075 
0.1471 
0.147125 
0.14715 
0.147175 
0.1472 
0.147225 
0.14725 
0.147275 
0.1473 
0.147325 
0.14735 
0.147375 
0.1474 
0.147425 
0.14745 
0.147475 
0.1475 
0.147525 
0.14755 
0.147575 
0.1476 
0.147625 
0.14765 
0.147675 
0.1477 
0.147725 
0.14775 
0.147775 
0.1478 
0.147825 
0.14785 
0.147875 
0.1479 
0.147925 
0.14795 
0.147975 
0.148 
0.148025 
0.14805 
0.148075 
0.1481 
0.148125 
0.14815 
0.148175 
0.1482 
0.148225 
0.14825 
0.148275 
0.1483 
0.148325 
0.14835 
0.148375 
0.1484 
0.148425 
0.14845 
0.148475 
0.1485 
0.148525 
0.14855 
0.148575 
0.1486 
0.148625 
0.14865 
0.148675 
0.1487 
0.148725 
0.14875 
0.148775 
0.1488 
0.148825 
0.14885 
0.148875 
0.1489 
0.148925 
0.14895 
0.148975 
0.149 
0.149025 
0.14905 
0.149075 
0.1491 
0.149125 
0.14915 
0.149175 
0.1492 
0.149225 
0.14925 
0.149275 
0.1493 
0.149325 
0.14935 
0.149375 
0.1494 
0.149425 
0.14945 
0.149475 
0.1495 
0.149525 
0.14955 
0.149575 
0.1496 
0.149625 
0.14965 
0.149675 
0.1497 
0.149725 
0.14975 
0.149775 
0.1498 
0.149825 
0.14985 
0.149875 
0.1499 
0.149925 
0.14995 
0.149975 
0.15 
0.150025 
0.15005 
0.150075 
0.1501 
0.150125 
0.15015 
0.150175 
0.1502 
0.150225 
0.15025 
0.150275 
0.1503 
0.150325 
0.15035 
0.150375 
0.1504 
0.150425 
0.15045 
0.150475 
0.1505 
0.150525 
0.15055 
0.150575 
0.1506 
0.150625 
0.15065 
0.150675 
0.1507 
0.150725 
0.15075 
0.150775 
0.1508 
0.150825 
0.15085 
0.150875 
0.1509 
0.150925 
0.15095 
0.150975 
0.151 
0.151025 
0.15105 
0.151075 
0.1511 
0.151125 
0.15115 
0.151175 
0.1512 
0.151225 
0.15125 
0.151275 
0.1513 
0.151325 
0.15135 
0.151375 
0.1514 
0.151425 
0.15145 
0.151475 
0.1515 
0.151525 
0.15155 
0.151575 
0.1516 
0.151625 
0.15165 
0.151675 
0.1517 
0.151725 
0.15175 
0.151775 
0.1518 
0.151825 
0.15185 
0.151875 
0.1519 
0.151925 
0.15195 
0.151975 
0.152 
0.152025 
0.15205 
0.152075 
0.1521 
0.152125 
0.15215 
0.152175 
0.1522 
0.152225 
0.15225 
0.152275 
0.1523 
0.152325 
0.15235 
0.152375 
0.1524 
0.152425 
0.15245 
0.152475 
0.1525 
0.152525 
0.15255 
0.152575 
0.1526 
0.152625 
0.15265 
0.152675 
0.1527 
0.152725 
0.15275 
0.152775 
0.1528 
0.152825 
0.15285 
0.152875 
0.1529 
0.152925 
0.15295 
0.152975 
0.153 
0.153025 
0.15305 
0.153075 
0.1531 
0.153125 
0.15315 
0.153175 
0.1532 
0.153225 
0.15325 
0.153275 
0.1533 
0.153325 
0.15335 
0.153375 
0.1534 
0.153425 
0.15345 
0.153475 
0.1535 
0.153525 
0.15355 
0.153575 
0.1536 
0.153625 
0.15365 
0.153675 
0.1537 
0.153725 
0.15375 
0.153775 
0.1538 
0.153825 
0.15385 
0.153875 
0.1539 
0.153925 
0.15395 
0.153975 
0.154 
0.154025 
0.15405 
0.154075 
0.1541 
0.154125 
0.15415 
0.154175 
0.1542 
0.154225 
0.15425 
0.154275 
0.1543 
0.154325 
0.15435 
0.154375 
0.1544 
0.154425 
0.15445 
0.154475 
0.1545 
0.154525 
0.15455 
0.154575 
0.1546 
0.154625 
0.15465 
0.154675 
0.1547 
0.154725 
0.15475 
0.154775 
0.1548 
0.154825 
0.15485 
0.154875 
0.1549 
0.154925 
0.15495 
0.154975 
0.155 
0.155025 
0.15505 
0.155075 
0.1551 
0.155125 
0.15515 
0.155175 
0.1552 
0.155225 
0.15525 
0.155275 
0.1553 
0.155325 
0.15535 
0.155375 
0.1554 
0.155425 
0.15545 
0.155475 
0.1555 
0.155525 
0.15555 
0.155575 
0.1556 
0.155625 
0.15565 
0.155675 
0.1557 
0.155725 
0.15575 
0.155775 
0.1558 
0.155825 
0.15585 
0.155875 
0.1559 
0.155925 
0.15595 
0.155975 
0.156 
0.156025 
0.15605 
0.156075 
0.1561 
0.156125 
0.15615 
0.156175 
0.1562 
0.156225 
0.15625 
0.156275 
0.1563 
0.156325 
0.15635 
0.156375 
0.1564 
0.156425 
0.15645 
0.156475 
0.1565 
0.156525 
0.15655 
0.156575 
0.1566 
0.156625 
0.15665 
0.156675 
0.1567 
0.156725 
0.15675 
0.156775 
0.1568 
0.156825 
0.15685 
0.156875 
0.1569 
0.156925 
0.15695 
0.156975 
0.157 
0.157025 
0.15705 
0.157075 
0.1571 
0.157125 
0.15715 
0.157175 
0.1572 
0.157225 
0.15725 
0.157275 
0.1573 
0.157325 
0.15735 
0.157375 
0.1574 
0.157425 
0.15745 
0.157475 
0.1575 
0.157525 
0.15755 
0.157575 
0.1576 
0.157625 
0.15765 
0.157675 
0.1577 
0.157725 
0.15775 
0.157775 
0.1578 
0.157825 
0.15785 
0.157875 
0.1579 
0.157925 
0.15795 
0.157975 
0.158 
0.158025 
0.15805 
0.158075 
0.1581 
0.158125 
0.15815 
0.158175 
0.1582 
0.158225 
0.15825 
0.158275 
0.1583 
0.158325 
0.15835 
0.158375 
0.1584 
0.158425 
0.15845 
0.158475 
0.1585 
0.158525 
0.15855 
0.158575 
0.1586 
0.158625 
0.15865 
0.158675 
0.1587 
0.158725 
0.15875 
0.158775 
0.1588 
0.158825 
0.15885 
0.158875 
0.1589 
0.158925 
0.15895 
0.158975 
0.159 
0.159025 
0.15905 
0.159075 
0.1591 
0.159125 
0.15915 
0.159175 
0.1592 
0.159225 
0.15925 
0.159275 
0.1593 
0.159325 
0.15935 
0.159375 
0.1594 
0.159425 
0.15945 
0.159475 
0.1595 
0.159525 
0.15955 
0.159575 
0.1596 
0.159625 
0.15965 
0.159675 
0.1597 
0.159725 
0.15975 
0.159775 
0.1598 
0.159825 
0.15985 
0.159875 
0.1599 
0.159925 
0.15995 
0.159975 
0.16 
0.160025 
0.16005 
0.160075 
0.1601 
0.160125 
0.16015 
0.160175 
0.1602 
0.160225 
0.16025 
0.160275 
0.1603 
0.160325 
0.16035 
0.160375 
0.1604 
0.160425 
0.16045 
0.160475 
0.1605 
0.160525 
0.16055 
0.160575 
0.1606 
0.160625 
0.16065 
0.160675 
0.1607 
0.160725 
0.16075 
0.160775 
0.1608 
0.160825 
0.16085 
0.160875 
0.1609 
0.160925 
0.16095 
0.160975 
0.161 
0.161025 
0.16105 
0.161075 
0.1611 
0.161125 
0.16115 
0.161175 
0.1612 
0.161225 
0.16125 
0.161275 
0.1613 
0.161325 
0.16135 
0.161375 
0.1614 
0.161425 
0.16145 
0.161475 
0.1615 
0.161525 
0.16155 
0.161575 
0.1616 
0.161625 
0.16165 
0.161675 
0.1617 
0.161725 
0.16175 
0.161775 
0.1618 
0.161825 
0.16185 
0.161875 
0.1619 
0.161925 
0.16195 
0.161975 
0.162 
0.162025 
0.16205 
0.162075 
0.1621 
0.162125 
0.16215 
0.162175 
0.1622 
0.162225 
0.16225 
0.162275 
0.1623 
0.162325 
0.16235 
0.162375 
0.1624 
0.162425 
0.16245 
0.162475 
0.1625 
0.162525 
0.16255 
0.162575 
0.1626 
0.162625 
0.16265 
0.162675 
0.1627 
0.162725 
0.16275 
0.162775 
0.1628 
0.162825 
0.16285 
0.162875 
0.1629 
0.162925 
0.16295 
0.162975 
0.163 
0.163025 
0.16305 
0.163075 
0.1631 
0.163125 
0.16315 
0.163175 
0.1632 
0.163225 
0.16325 
0.163275 
0.1633 
0.163325 
0.16335 
0.163375 
0.1634 
0.163425 
0.16345 
0.163475 
0.1635 
0.163525 
0.16355 
0.163575 
0.1636 
0.163625 
0.16365 
0.163675 
0.1637 
0.163725 
0.16375 
0.163775 
0.1638 
0.163825 
0.16385 
0.163875 
0.1639 
0.163925 
0.16395 
0.163975 
0.164 
0.164025 
0.16405 
0.164075 
0.1641 
0.164125 
0.16415 
0.164175 
0.1642 
0.164225 
0.16425 
0.164275 
0.1643 
0.164325 
0.16435 
0.164375 
0.1644 
0.164425 
0.16445 
0.164475 
0.1645 
0.164525 
0.16455 
0.164575 
0.1646 
0.164625 
0.16465 
0.164675 
0.1647 
0.164725 
0.16475 
0.164775 
0.1648 
0.164825 
0.16485 
0.164875 
0.1649 
0.164925 
0.16495 
0.164975 
0.165 
0.165025 
0.16505 
0.165075 
0.1651 
0.165125 
0.16515 
0.165175 
0.1652 
0.165225 
0.16525 
0.165275 
0.1653 
0.165325 
0.16535 
0.165375 
0.1654 
0.165425 
0.16545 
0.165475 
0.1655 
0.165525 
0.16555 
0.165575 
0.1656 
0.165625 
0.16565 
0.165675 
0.1657 
0.165725 
0.16575 
0.165775 
0.1658 
0.165825 
0.16585 
0.165875 
0.1659 
0.165925 
0.16595 
0.165975 
0.166 
0.166025 
0.16605 
0.166075 
0.1661 
0.166125 
0.16615 
0.166175 
0.1662 
0.166225 
0.16625 
0.166275 
0.1663 
0.166325 
0.16635 
0.166375 
0.1664 
0.166425 
0.16645 
0.166475 
0.1665 
0.166525 
0.16655 
0.166575 
0.1666 
0.166625 
0.16665 
0.166675 
0.1667 
0.166725 
0.16675 
0.166775 
0.1668 
0.166825 
0.16685 
0.166875 
0.1669 
0.166925 
0.16695 
0.166975 
0.167 
0.167025 
0.16705 
0.167075 
0.1671 
0.167125 
0.16715 
0.167175 
0.1672 
0.167225 
0.16725 
0.167275 
0.1673 
0.167325 
0.16735 
0.167375 
0.1674 
0.167425 
0.16745 
0.167475 
0.1675 
0.167525 
0.16755 
0.167575 
0.1676 
0.167625 
0.16765 
0.167675 
0.1677 
0.167725 
0.16775 
0.167775 
0.1678 
0.167825 
0.16785 
0.167875 
0.1679 
0.167925 
0.16795 
0.167975 
0.168 
0.168025 
0.16805 
0.168075 
0.1681 
0.168125 
0.16815 
0.168175 
0.1682 
0.168225 
0.16825 
0.168275 
0.1683 
0.168325 
0.16835 
0.168375 
0.1684 
0.168425 
0.16845 
0.168475 
0.1685 
0.168525 
0.16855 
0.168575 
0.1686 
0.168625 
0.16865 
0.168675 
0.1687 
0.168725 
0.16875 
0.168775 
0.1688 
0.168825 
0.16885 
0.168875 
0.1689 
0.168925 
0.16895 
0.168975 
0.169 
0.169025 
0.16905 
0.169075 
0.1691 
0.169125 
0.16915 
0.169175 
0.1692 
0.169225 
0.16925 
0.169275 
0.1693 
0.169325 
0.16935 
0.169375 
0.1694 
0.169425 
0.16945 
0.169475 
0.1695 
0.169525 
0.16955 
0.169575 
0.1696 
0.169625 
0.16965 
0.169675 
0.1697 
0.169725 
0.16975 
0.169775 
0.1698 
0.169825 
0.16985 
0.169875 
0.1699 
0.169925 
0.16995 
0.169975 
0.17 
0.170025 
0.17005 
0.170075 
0.1701 
0.170125 
0.17015 
0.170175 
0.1702 
0.170225 
0.17025 
0.170275 
0.1703 
0.170325 
0.17035 
0.170375 
0.1704 
0.170425 
0.17045 
0.170475 
0.1705 
0.170525 
0.17055 
0.170575 
0.1706 
0.170625 
0.17065 
0.170675 
0.1707 
0.170725 
0.17075 
0.170775 
0.1708 
0.170825 
0.17085 
0.170875 
0.1709 
0.170925 
0.17095 
0.170975 
0.171 
0.171025 
0.17105 
0.171075 
0.1711 
0.171125 
0.17115 
0.171175 
0.1712 
0.171225 
0.17125 
0.171275 
0.1713 
0.171325 
0.17135 
0.171375 
0.1714 
0.171425 
0.17145 
0.171475 
0.1715 
0.171525 
0.17155 
0.171575 
0.1716 
0.171625 
0.17165 
0.171675 
0.1717 
0.171725 
0.17175 
0.171775 
0.1718 
0.171825 
0.17185 
0.171875 
0.1719 
0.171925 
0.17195 
0.171975 
0.172 
0.172025 
0.17205 
0.172075 
0.1721 
0.172125 
0.17215 
0.172175 
0.1722 
0.172225 
0.17225 
0.172275 
0.1723 
0.172325 
0.17235 
0.172375 
0.1724 
0.172425 
0.17245 
0.172475 
0.1725 
0.172525 
0.17255 
0.172575 
0.1726 
0.172625 
0.17265 
0.172675 
0.1727 
0.172725 
0.17275 
0.172775 
0.1728 
0.172825 
0.17285 
0.172875 
0.1729 
0.172925 
0.17295 
0.172975 
0.173 
0.173025 
0.17305 
0.173075 
0.1731 
0.173125 
0.17315 
0.173175 
0.1732 
0.173225 
0.17325 
0.173275 
0.1733 
0.173325 
0.17335 
0.173375 
0.1734 
0.173425 
0.17345 
0.173475 
0.1735 
0.173525 
0.17355 
0.173575 
0.1736 
0.173625 
0.17365 
0.173675 
0.1737 
0.173725 
0.17375 
0.173775 
0.1738 
0.173825 
0.17385 
0.173875 
0.1739 
0.173925 
0.17395 
0.173975 
0.174 
0.174025 
0.17405 
0.174075 
0.1741 
0.174125 
0.17415 
0.174175 
0.1742 
0.174225 
0.17425 
0.174275 
0.1743 
0.174325 
0.17435 
0.174375 
0.1744 
0.174425 
0.17445 
0.174475 
0.1745 
0.174525 
0.17455 
0.174575 
0.1746 
0.174625 
0.17465 
0.174675 
0.1747 
0.174725 
0.17475 
0.174775 
0.1748 
0.174825 
0.17485 
0.174875 
0.1749 
0.174925 
0.17495 
0.174975 
0.175 
0.175025 
0.17505 
0.175075 
0.1751 
0.175125 
0.17515 
0.175175 
0.1752 
0.175225 
0.17525 
0.175275 
0.1753 
0.175325 
0.17535 
0.175375 
0.1754 
0.175425 
0.17545 
0.175475 
0.1755 
0.175525 
0.17555 
0.175575 
0.1756 
0.175625 
0.17565 
0.175675 
0.1757 
0.175725 
0.17575 
0.175775 
0.1758 
0.175825 
0.17585 
0.175875 
0.1759 
0.175925 
0.17595 
0.175975 
0.176 
0.176025 
0.17605 
0.176075 
0.1761 
0.176125 
0.17615 
0.176175 
0.1762 
0.176225 
0.17625 
0.176275 
0.1763 
0.176325 
0.17635 
0.176375 
0.1764 
0.176425 
0.17645 
0.176475 
0.1765 
0.176525 
0.17655 
0.176575 
0.1766 
0.176625 
0.17665 
0.176675 
0.1767 
0.176725 
0.17675 
0.176775 
0.1768 
0.176825 
0.17685 
0.176875 
0.1769 
0.176925 
0.17695 
0.176975 
0.177 
0.177025 
0.17705 
0.177075 
0.1771 
0.177125 
0.17715 
0.177175 
0.1772 
0.177225 
0.17725 
0.177275 
0.1773 
0.177325 
0.17735 
0.177375 
0.1774 
0.177425 
0.17745 
0.177475 
0.1775 
0.177525 
0.17755 
0.177575 
0.1776 
0.177625 
0.17765 
0.177675 
0.1777 
0.177725 
0.17775 
0.177775 
0.1778 
0.177825 
0.17785 
0.177875 
0.1779 
0.177925 
0.17795 
0.177975 
0.178 
0.178025 
0.17805 
0.178075 
0.1781 
0.178125 
0.17815 
0.178175 
0.1782 
0.178225 
0.17825 
0.178275 
0.1783 
0.178325 
0.17835 
0.178375 
0.1784 
0.178425 
0.17845 
0.178475 
0.1785 
0.178525 
0.17855 
0.178575 
0.1786 
0.178625 
0.17865 
0.178675 
0.1787 
0.178725 
0.17875 
0.178775 
0.1788 
0.178825 
0.17885 
0.178875 
0.1789 
0.178925 
0.17895 
0.178975 
0.179 
0.179025 
0.17905 
0.179075 
0.1791 
0.179125 
0.17915 
0.179175 
0.1792 
0.179225 
0.17925 
0.179275 
0.1793 
0.179325 
0.17935 
0.179375 
0.1794 
0.179425 
0.17945 
0.179475 
0.1795 
0.179525 
0.17955 
0.179575 
0.1796 
0.179625 
0.17965 
0.179675 
0.1797 
0.179725 
0.17975 
0.179775 
0.1798 
0.179825 
0.17985 
0.179875 
0.1799 
0.179925 
0.17995 
0.179975 
0.18 
0.180025 
0.18005 
0.180075 
0.1801 
0.180125 
0.18015 
0.180175 
0.1802 
0.180225 
0.18025 
0.180275 
0.1803 
0.180325 
0.18035 
0.180375 
0.1804 
0.180425 
0.18045 
0.180475 
0.1805 
0.180525 
0.18055 
0.180575 
0.1806 
0.180625 
0.18065 
0.180675 
0.1807 
0.180725 
0.18075 
0.180775 
0.1808 
0.180825 
0.18085 
0.180875 
0.1809 
0.180925 
0.18095 
0.180975 
0.181 
0.181025 
0.18105 
0.181075 
0.1811 
0.181125 
0.18115 
0.181175 
0.1812 
0.181225 
0.18125 
0.181275 
0.1813 
0.181325 
0.18135 
0.181375 
0.1814 
0.181425 
0.18145 
0.181475 
0.1815 
0.181525 
0.18155 
0.181575 
0.1816 
0.181625 
0.18165 
0.181675 
0.1817 
0.181725 
0.18175 
0.181775 
0.1818 
0.181825 
0.18185 
0.181875 
0.1819 
0.181925 
0.18195 
0.181975 
0.182 
0.182025 
0.18205 
0.182075 
0.1821 
0.182125 
0.18215 
0.182175 
0.1822 
0.182225 
0.18225 
0.182275 
0.1823 
0.182325 
0.18235 
0.182375 
0.1824 
0.182425 
0.18245 
0.182475 
0.1825 
0.182525 
0.18255 
0.182575 
0.1826 
0.182625 
0.18265 
0.182675 
0.1827 
0.182725 
0.18275 
0.182775 
0.1828 
0.182825 
0.18285 
0.182875 
0.1829 
0.182925 
0.18295 
0.182975 
0.183 
0.183025 
0.18305 
0.183075 
0.1831 
0.183125 
0.18315 
0.183175 
0.1832 
0.183225 
0.18325 
0.183275 
0.1833 
0.183325 
0.18335 
0.183375 
0.1834 
0.183425 
0.18345 
0.183475 
0.1835 
0.183525 
0.18355 
0.183575 
0.1836 
0.183625 
0.18365 
0.183675 
0.1837 
0.183725 
0.18375 
0.183775 
0.1838 
0.183825 
0.18385 
0.183875 
0.1839 
0.183925 
0.18395 
0.183975 
0.184 
0.184025 
0.18405 
0.184075 
0.1841 
0.184125 
0.18415 
0.184175 
0.1842 
0.184225 
0.18425 
0.184275 
0.1843 
0.184325 
0.18435 
0.184375 
0.1844 
0.184425 
0.18445 
0.184475 
0.1845 
0.184525 
0.18455 
0.184575 
0.1846 
0.184625 
0.18465 
0.184675 
0.1847 
0.184725 
0.18475 
0.184775 
0.1848 
0.184825 
0.18485 
0.184875 
0.1849 
0.184925 
0.18495 
0.184975 
0.185 
0.185025 
0.18505 
0.185075 
0.1851 
0.185125 
0.18515 
0.185175 
0.1852 
0.185225 
0.18525 
0.185275 
0.1853 
0.185325 
0.18535 
0.185375 
0.1854 
0.185425 
0.18545 
0.185475 
0.1855 
0.185525 
0.18555 
0.185575 
0.1856 
0.185625 
0.18565 
0.185675 
0.1857 
0.185725 
0.18575 
0.185775 
0.1858 
0.185825 
0.18585 
0.185875 
0.1859 
0.185925 
0.18595 
0.185975 
0.186 
0.186025 
0.18605 
0.186075 
0.1861 
0.186125 
0.18615 
0.186175 
0.1862 
0.186225 
0.18625 
0.186275 
0.1863 
0.186325 
0.18635 
0.186375 
0.1864 
0.186425 
0.18645 
0.186475 
0.1865 
0.186525 
0.18655 
0.186575 
0.1866 
0.186625 
0.18665 
0.186675 
0.1867 
0.186725 
0.18675 
0.186775 
0.1868 
0.186825 
0.18685 
0.186875 
0.1869 
0.186925 
0.18695 
0.186975 
0.187 
0.187025 
0.18705 
0.187075 
0.1871 
0.187125 
0.18715 
0.187175 
0.1872 
0.187225 
0.18725 
0.187275 
0.1873 
0.187325 
0.18735 
0.187375 
0.1874 
0.187425 
0.18745 
0.187475 
0.1875 
0.187525 
0.18755 
0.187575 
0.1876 
0.187625 
0.18765 
0.187675 
0.1877 
0.187725 
0.18775 
0.187775 
0.1878 
0.187825 
0.18785 
0.187875 
0.1879 
0.187925 
0.18795 
0.187975 
0.188 
0.188025 
0.18805 
0.188075 
0.1881 
0.188125 
0.18815 
0.188175 
0.1882 
0.188225 
0.18825 
0.188275 
0.1883 
0.188325 
0.18835 
0.188375 
0.1884 
0.188425 
0.18845 
0.188475 
0.1885 
0.188525 
0.18855 
0.188575 
0.1886 
0.188625 
0.18865 
0.188675 
0.1887 
0.188725 
0.18875 
0.188775 
0.1888 
0.188825 
0.18885 
0.188875 
0.1889 
0.188925 
0.18895 
0.188975 
0.189 
0.189025 
0.18905 
0.189075 
0.1891 
0.189125 
0.18915 
0.189175 
0.1892 
0.189225 
0.18925 
0.189275 
0.1893 
0.189325 
0.18935 
0.189375 
0.1894 
0.189425 
0.18945 
0.189475 
0.1895 
0.189525 
0.18955 
0.189575 
0.1896 
0.189625 
0.18965 
0.189675 
0.1897 
0.189725 
0.18975 
0.189775 
0.1898 
0.189825 
0.18985 
0.189875 
0.1899 
0.189925 
0.18995 
0.189975 
0.19 
0.190025 
0.19005 
0.190075 
0.1901 
0.190125 
0.19015 
0.190175 
0.1902 
0.190225 
0.19025 
0.190275 
0.1903 
0.190325 
0.19035 
0.190375 
0.1904 
0.190425 
0.19045 
0.190475 
0.1905 
0.190525 
0.19055 
0.190575 
0.1906 
0.190625 
0.19065 
0.190675 
0.1907 
0.190725 
0.19075 
0.190775 
0.1908 
0.190825 
0.19085 
0.190875 
0.1909 
0.190925 
0.19095 
0.190975 
0.191 
0.191025 
0.19105 
0.191075 
0.1911 
0.191125 
0.19115 
0.191175 
0.1912 
0.191225 
0.19125 
0.191275 
0.1913 
0.191325 
0.19135 
0.191375 
0.1914 
0.191425 
0.19145 
0.191475 
0.1915 
0.191525 
0.19155 
0.191575 
0.1916 
0.191625 
0.19165 
0.191675 
0.1917 
0.191725 
0.19175 
0.191775 
0.1918 
0.191825 
0.19185 
0.191875 
0.1919 
0.191925 
0.19195 
0.191975 
0.192 
0.192025 
0.19205 
0.192075 
0.1921 
0.192125 
0.19215 
0.192175 
0.1922 
0.192225 
0.19225 
0.192275 
0.1923 
0.192325 
0.19235 
0.192375 
0.1924 
0.192425 
0.19245 
0.192475 
0.1925 
0.192525 
0.19255 
0.192575 
0.1926 
0.192625 
0.19265 
0.192675 
0.1927 
0.192725 
0.19275 
0.192775 
0.1928 
0.192825 
0.19285 
0.192875 
0.1929 
0.192925 
0.19295 
0.192975 
0.193 
0.193025 
0.19305 
0.193075 
0.1931 
0.193125 
0.19315 
0.193175 
0.1932 
0.193225 
0.19325 
0.193275 
0.1933 
0.193325 
0.19335 
0.193375 
0.1934 
0.193425 
0.19345 
0.193475 
0.1935 
0.193525 
0.19355 
0.193575 
0.1936 
0.193625 
0.19365 
0.193675 
0.1937 
0.193725 
0.19375 
0.193775 
0.1938 
0.193825 
0.19385 
0.193875 
0.1939 
0.193925 
0.19395 
0.193975 
0.194 
0.194025 
0.19405 
0.194075 
0.1941 
0.194125 
0.19415 
0.194175 
0.1942 
0.194225 
0.19425 
0.194275 
0.1943 
0.194325 
0.19435 
0.194375 
0.1944 
0.194425 
0.19445 
0.194475 
0.1945 
0.194525 
0.19455 
0.194575 
0.1946 
0.194625 
0.19465 
0.194675 
0.1947 
0.194725 
0.19475 
0.194775 
0.1948 
0.194825 
0.19485 
0.194875 
0.1949 
0.194925 
0.19495 
0.194975 
0.195 
0.195025 
0.19505 
0.195075 
0.1951 
0.195125 
0.19515 
0.195175 
0.1952 
0.195225 
0.19525 
0.195275 
0.1953 
0.195325 
0.19535 
0.195375 
0.1954 
0.195425 
0.19545 
0.195475 
0.1955 
0.195525 
0.19555 
0.195575 
0.1956 
0.195625 
0.19565 
0.195675 
0.1957 
0.195725 
0.19575 
0.195775 
0.1958 
0.195825 
0.19585 
0.195875 
0.1959 
0.195925 
0.19595 
0.195975 
0.196 
0.196025 
0.19605 
0.196075 
0.1961 
0.196125 
0.19615 
0.196175 
0.1962 
0.196225 
0.19625 
0.196275 
0.1963 
0.196325 
0.19635 
0.196375 
0.1964 
0.196425 
0.19645 
0.196475 
0.1965 
0.196525 
0.19655 
0.196575 
0.1966 
0.196625 
0.19665 
0.196675 
0.1967 
0.196725 
0.19675 
0.196775 
0.1968 
0.196825 
0.19685 
0.196875 
0.1969 
0.196925 
0.19695 
0.196975 
0.197 
0.197025 
0.19705 
0.197075 
0.1971 
0.197125 
0.19715 
0.197175 
0.1972 
0.197225 
0.19725 
0.197275 
0.1973 
0.197325 
0.19735 
0.197375 
0.1974 
0.197425 
0.19745 
0.197475 
0.1975 
0.197525 
0.19755 
0.197575 
0.1976 
0.197625 
0.19765 
0.197675 
0.1977 
0.197725 
0.19775 
0.197775 
0.1978 
0.197825 
0.19785 
0.197875 
0.1979 
0.197925 
0.19795 
0.197975 
0.198 
0.198025 
0.19805 
0.198075 
0.1981 
0.198125 
0.19815 
0.198175 
0.1982 
0.198225 
0.19825 
0.198275 
0.1983 
0.198325 
0.19835 
0.198375 
0.1984 
0.198425 
0.19845 
0.198475 
0.1985 
0.198525 
0.19855 
0.198575 
0.1986 
0.198625 
0.19865 
0.198675 
0.1987 
0.198725 
0.19875 
0.198775 
0.1988 
0.198825 
0.19885 
0.198875 
0.1989 
0.198925 
0.19895 
0.198975 
0.199 
0.199025 
0.19905 
0.199075 
0.1991 
0.199125 
0.19915 
0.199175 
0.1992 
0.199225 
0.19925 
0.199275 
0.1993 
0.199325 
0.19935 
0.199375 
0.1994 
0.199425 
0.19945 
0.199475 
0.1995 
0.199525 
0.19955 
0.199575 
0.1996 
0.199625 
0.19965 
0.199675 
0.1997 
0.199725 
0.19975 
0.199775 
0.1998 
0.199825 
0.19985 
0.199875 
0.1999 
0.199925 
0.19995 
0.199975 
0.2 
0.200025 
0.20005 
0.200075 
0.2001 
0.200125 
0.20015 
0.200175 
0.2002 
0.200225 
0.20025 
0.200275 
0.2003 
0.200325 
0.20035 
0.200375 
0.2004 
0.200425 
0.20045 
0.200475 
0.2005 
0.200525 
0.20055 
0.200575 
0.2006 
0.200625 
0.20065 
0.200675 
0.2007 
0.200725 
0.20075 
0.200775 
0.2008 
0.200825 
0.20085 
0.200875 
0.2009 
0.200925 
0.20095 
0.200975 
0.201 
0.201025 
0.20105 
0.201075 
0.2011 
0.201125 
0.20115 
0.201175 
0.2012 
0.201225 
0.20125 
0.201275 
0.2013 
0.201325 
0.20135 
0.201375 
0.2014 
0.201425 
0.20145 
0.201475 
0.2015 
0.201525 
0.20155 
0.201575 
0.2016 
0.201625 
0.20165 
0.201675 
0.2017 
0.201725 
0.20175 
0.201775 
0.2018 
0.201825 
0.20185 
0.201875 
0.2019 
0.201925 
0.20195 
0.201975 
0.202 
0.202025 
0.20205 
0.202075 
0.2021 
0.202125 
0.20215 
0.202175 
0.2022 
0.202225 
0.20225 
0.202275 
0.2023 
0.202325 
0.20235 
0.202375 
0.2024 
0.202425 
0.20245 
0.202475 
0.2025 
0.202525 
0.20255 
0.202575 
0.2026 
0.202625 
0.20265 
0.202675 
0.2027 
0.202725 
0.20275 
0.202775 
0.2028 
0.202825 
0.20285 
0.202875 
0.2029 
0.202925 
0.20295 
0.202975 
0.203 
0.203025 
0.20305 
0.203075 
0.2031 
0.203125 
0.20315 
0.203175 
0.2032 
0.203225 
0.20325 
0.203275 
0.2033 
0.203325 
0.20335 
0.203375 
0.2034 
0.203425 
0.20345 
0.203475 
0.2035 
0.203525 
0.20355 
0.203575 
0.2036 
0.203625 
0.20365 
0.203675 
0.2037 
0.203725 
0.20375 
0.203775 
0.2038 
0.203825 
0.20385 
0.203875 
0.2039 
0.203925 
0.20395 
0.203975 
0.204 
0.204025 
0.20405 
0.204075 
0.2041 
0.204125 
0.20415 
0.204175 
0.2042 
0.204225 
0.20425 
0.204275 
0.2043 
0.204325 
0.20435 
0.204375 
0.2044 
0.204425 
0.20445 
0.204475 
0.2045 
0.204525 
0.20455 
0.204575 
0.2046 
0.204625 
0.20465 
0.204675 
0.2047 
0.204725 
0.20475 
0.204775 
0.2048 
0.204825 
0.20485 
0.204875 
0.2049 
0.204925 
0.20495 
0.204975 
0.205 
0.205025 
0.20505 
0.205075 
0.2051 
0.205125 
0.20515 
0.205175 
0.2052 
0.205225 
0.20525 
0.205275 
0.2053 
0.205325 
0.20535 
0.205375 
0.2054 
0.205425 
0.20545 
0.205475 
0.2055 
0.205525 
0.20555 
0.205575 
0.2056 
0.205625 
0.20565 
0.205675 
0.2057 
0.205725 
0.20575 
0.205775 
0.2058 
0.205825 
0.20585 
0.205875 
0.2059 
0.205925 
0.20595 
0.205975 
0.206 
0.206025 
0.20605 
0.206075 
0.2061 
0.206125 
0.20615 
0.206175 
0.2062 
0.206225 
0.20625 
0.206275 
0.2063 
0.206325 
0.20635 
0.206375 
0.2064 
0.206425 
0.20645 
0.206475 
0.2065 
0.206525 
0.20655 
0.206575 
0.2066 
0.206625 
0.20665 
0.206675 
0.2067 
0.206725 
0.20675 
0.206775 
0.2068 
0.206825 
0.20685 
0.206875 
0.2069 
0.206925 
0.20695 
0.206975 
0.207 
0.207025 
0.20705 
0.207075 
0.2071 
0.207125 
0.20715 
0.207175 
0.2072 
0.207225 
0.20725 
0.207275 
0.2073 
0.207325 
0.20735 
0.207375 
0.2074 
0.207425 
0.20745 
0.207475 
0.2075 
0.207525 
0.20755 
0.207575 
0.2076 
0.207625 
0.20765 
0.207675 
0.2077 
0.207725 
0.20775 
0.207775 
0.2078 
0.207825 
0.20785 
0.207875 
0.2079 
0.207925 
0.20795 
0.207975 
0.208 
0.208025 
0.20805 
0.208075 
0.2081 
0.208125 
0.20815 
0.208175 
0.2082 
0.208225 
0.20825 
0.208275 
0.2083 
0.208325 
0.20835 
0.208375 
0.2084 
0.208425 
0.20845 
0.208475 
0.2085 
0.208525 
0.20855 
0.208575 
0.2086 
0.208625 
0.20865 
0.208675 
0.2087 
0.208725 
0.20875 
0.208775 
0.2088 
0.208825 
0.20885 
0.208875 
0.2089 
0.208925 
0.20895 
0.208975 
0.209 
0.209025 
0.20905 
0.209075 
0.2091 
0.209125 
0.20915 
0.209175 
0.2092 
0.209225 
0.20925 
0.209275 
0.2093 
0.209325 
0.20935 
0.209375 
0.2094 
0.209425 
0.20945 
0.209475 
0.2095 
0.209525 
0.20955 
0.209575 
0.2096 
0.209625 
0.20965 
0.209675 
0.2097 
0.209725 
0.20975 
0.209775 
0.2098 
0.209825 
0.20985 
0.209875 
0.2099 
0.209925 
0.20995 
0.209975 
0.21 
0.210025 
0.21005 
0.210075 
0.2101 
0.210125 
0.21015 
0.210175 
0.2102 
0.210225 
0.21025 
0.210275 
0.2103 
0.210325 
0.21035 
0.210375 
0.2104 
0.210425 
0.21045 
0.210475 
0.2105 
0.210525 
0.21055 
0.210575 
0.2106 
0.210625 
0.21065 
0.210675 
0.2107 
0.210725 
0.21075 
0.210775 
0.2108 
0.210825 
0.21085 
0.210875 
0.2109 
0.210925 
0.21095 
0.210975 
0.211 
0.211025 
0.21105 
0.211075 
0.2111 
0.211125 
0.21115 
0.211175 
0.2112 
0.211225 
0.21125 
0.211275 
0.2113 
0.211325 
0.21135 
0.211375 
0.2114 
0.211425 
0.21145 
0.211475 
0.2115 
0.211525 
0.21155 
0.211575 
0.2116 
0.211625 
0.21165 
0.211675 
0.2117 
0.211725 
0.21175 
0.211775 
0.2118 
0.211825 
0.21185 
0.211875 
0.2119 
0.211925 
0.21195 
0.211975 
0.212 
0.212025 
0.21205 
0.212075 
0.2121 
0.212125 
0.21215 
0.212175 
0.2122 
0.212225 
0.21225 
0.212275 
0.2123 
0.212325 
0.21235 
0.212375 
0.2124 
0.212425 
0.21245 
0.212475 
0.2125 
0.212525 
0.21255 
0.212575 
0.2126 
0.212625 
0.21265 
0.212675 
0.2127 
0.212725 
0.21275 
0.212775 
0.2128 
0.212825 
0.21285 
0.212875 
0.2129 
0.212925 
0.21295 
0.212975 
0.213 
0.213025 
0.21305 
0.213075 
0.2131 
0.213125 
0.21315 
0.213175 
0.2132 
0.213225 
0.21325 
0.213275 
0.2133 
0.213325 
0.21335 
0.213375 
0.2134 
0.213425 
0.21345 
0.213475 
0.2135 
0.213525 
0.21355 
0.213575 
0.2136 
0.213625 
0.21365 
0.213675 
0.2137 
0.213725 
0.21375 
0.213775 
0.2138 
0.213825 
0.21385 
0.213875 
0.2139 
0.213925 
0.21395 
0.213975 
0.214 
0.214025 
0.21405 
0.214075 
0.2141 
0.214125 
0.21415 
0.214175 
0.2142 
0.214225 
0.21425 
0.214275 
0.2143 
0.214325 
0.21435 
0.214375 
0.2144 
0.214425 
0.21445 
0.214475 
0.2145 
0.214525 
0.21455 
0.214575 
0.2146 
0.214625 
0.21465 
0.214675 
0.2147 
0.214725 
0.21475 
0.214775 
0.2148 
0.214825 
0.21485 
0.214875 
0.2149 
0.214925 
0.21495 
0.214975 
0.215 
0.215025 
0.21505 
0.215075 
0.2151 
0.215125 
0.21515 
0.215175 
0.2152 
0.215225 
0.21525 
0.215275 
0.2153 
0.215325 
0.21535 
0.215375 
0.2154 
0.215425 
0.21545 
0.215475 
0.2155 
0.215525 
0.21555 
0.215575 
0.2156 
0.215625 
0.21565 
0.215675 
0.2157 
0.215725 
0.21575 
0.215775 
0.2158 
0.215825 
0.21585 
0.215875 
0.2159 
0.215925 
0.21595 
0.215975 
0.216 
0.216025 
0.21605 
0.216075 
0.2161 
0.216125 
0.21615 
0.216175 
0.2162 
0.216225 
0.21625 
0.216275 
0.2163 
0.216325 
0.21635 
0.216375 
0.2164 
0.216425 
0.21645 
0.216475 
0.2165 
0.216525 
0.21655 
0.216575 
0.2166 
0.216625 
0.21665 
0.216675 
0.2167 
0.216725 
0.21675 
0.216775 
0.2168 
0.216825 
0.21685 
0.216875 
0.2169 
0.216925 
0.21695 
0.216975 
0.217 
0.217025 
0.21705 
0.217075 
0.2171 
0.217125 
0.21715 
0.217175 
0.2172 
0.217225 
0.21725 
0.217275 
0.2173 
0.217325 
0.21735 
0.217375 
0.2174 
0.217425 
0.21745 
0.217475 
0.2175 
0.217525 
0.21755 
0.217575 
0.2176 
0.217625 
0.21765 
0.217675 
0.2177 
0.217725 
0.21775 
0.217775 
0.2178 
0.217825 
0.21785 
0.217875 
0.2179 
0.217925 
0.21795 
0.217975 
0.218 
0.218025 
0.21805 
0.218075 
0.2181 
0.218125 
0.21815 
0.218175 
0.2182 
0.218225 
0.21825 
0.218275 
0.2183 
0.218325 
0.21835 
0.218375 
0.2184 
0.218425 
0.21845 
0.218475 
0.2185 
0.218525 
0.21855 
0.218575 
0.2186 
0.218625 
0.21865 
0.218675 
0.2187 
0.218725 
0.21875 
0.218775 
0.2188 
0.218825 
0.21885 
0.218875 
0.2189 
0.218925 
0.21895 
0.218975 
0.219 
0.219025 
0.21905 
0.219075 
0.2191 
0.219125 
0.21915 
0.219175 
0.2192 
0.219225 
0.21925 
0.219275 
0.2193 
0.219325 
0.21935 
0.219375 
0.2194 
0.219425 
0.21945 
0.219475 
0.2195 
0.219525 
0.21955 
0.219575 
0.2196 
0.219625 
0.21965 
0.219675 
0.2197 
0.219725 
0.21975 
0.219775 
0.2198 
0.219825 
0.21985 
0.219875 
0.2199 
0.219925 
0.21995 
0.219975 
0.22 
0.220025 
0.22005 
0.220075 
0.2201 
0.220125 
0.22015 
0.220175 
0.2202 
0.220225 
0.22025 
0.220275 
0.2203 
0.220325 
0.22035 
0.220375 
0.2204 
0.220425 
0.22045 
0.220475 
0.2205 
0.220525 
0.22055 
0.220575 
0.2206 
0.220625 
0.22065 
0.220675 
0.2207 
0.220725 
0.22075 
0.220775 
0.2208 
0.220825 
0.22085 
0.220875 
0.2209 
0.220925 
0.22095 
0.220975 
0.221 
0.221025 
0.22105 
0.221075 
0.2211 
0.221125 
0.22115 
0.221175 
0.2212 
0.221225 
0.22125 
0.221275 
0.2213 
0.221325 
0.22135 
0.221375 
0.2214 
0.221425 
0.22145 
0.221475 
0.2215 
0.221525 
0.22155 
0.221575 
0.2216 
0.221625 
0.22165 
0.221675 
0.2217 
0.221725 
0.22175 
0.221775 
0.2218 
0.221825 
0.22185 
0.221875 
0.2219 
0.221925 
0.22195 
0.221975 
0.222 
0.222025 
0.22205 
0.222075 
0.2221 
0.222125 
0.22215 
0.222175 
0.2222 
0.222225 
0.22225 
0.222275 
0.2223 
0.222325 
0.22235 
0.222375 
0.2224 
0.222425 
0.22245 
0.222475 
0.2225 
0.222525 
0.22255 
0.222575 
0.2226 
0.222625 
0.22265 
0.222675 
0.2227 
0.222725 
0.22275 
0.222775 
0.2228 
0.222825 
0.22285 
0.222875 
0.2229 
0.222925 
0.22295 
0.222975 
0.223 
0.223025 
0.22305 
0.223075 
0.2231 
0.223125 
0.22315 
0.223175 
0.2232 
0.223225 
0.22325 
0.223275 
0.2233 
0.223325 
0.22335 
0.223375 
0.2234 
0.223425 
0.22345 
0.223475 
0.2235 
0.223525 
0.22355 
0.223575 
0.2236 
0.223625 
0.22365 
0.223675 
0.2237 
0.223725 
0.22375 
0.223775 
0.2238 
0.223825 
0.22385 
0.223875 
0.2239 
0.223925 
0.22395 
0.223975 
0.224 
0.224025 
0.22405 
0.224075 
0.2241 
0.224125 
0.22415 
0.224175 
0.2242 
0.224225 
0.22425 
0.224275 
0.2243 
0.224325 
0.22435 
0.224375 
0.2244 
0.224425 
0.22445 
0.224475 
0.2245 
0.224525 
0.22455 
0.224575 
0.2246 
0.224625 
0.22465 
0.224675 
0.2247 
0.224725 
0.22475 
0.224775 
0.2248 
0.224825 
0.22485 
0.224875 
0.2249 
0.224925 
0.22495 
0.224975 
0.225 
0.225025 
0.22505 
0.225075 
0.2251 
0.225125 
0.22515 
0.225175 
0.2252 
0.225225 
0.22525 
0.225275 
0.2253 
0.225325 
0.22535 
0.225375 
0.2254 
0.225425 
0.22545 
0.225475 
0.2255 
0.225525 
0.22555 
0.225575 
0.2256 
0.225625 
0.22565 
0.225675 
0.2257 
0.225725 
0.22575 
0.225775 
0.2258 
0.225825 
0.22585 
0.225875 
0.2259 
0.225925 
0.22595 
0.225975 
0.226 
0.226025 
0.22605 
0.226075 
0.2261 
0.226125 
0.22615 
0.226175 
0.2262 
0.226225 
0.22625 
0.226275 
0.2263 
0.226325 
0.22635 
0.226375 
0.2264 
0.226425 
0.22645 
0.226475 
0.2265 
0.226525 
0.22655 
0.226575 
0.2266 
0.226625 
0.22665 
0.226675 
0.2267 
0.226725 
0.22675 
0.226775 
0.2268 
0.226825 
0.22685 
0.226875 
0.2269 
0.226925 
0.22695 
0.226975 
0.227 
0.227025 
0.22705 
0.227075 
0.2271 
0.227125 
0.22715 
0.227175 
0.2272 
0.227225 
0.22725 
0.227275 
0.2273 
0.227325 
0.22735 
0.227375 
0.2274 
0.227425 
0.22745 
0.227475 
0.2275 
0.227525 
0.22755 
0.227575 
0.2276 
0.227625 
0.22765 
0.227675 
0.2277 
0.227725 
0.22775 
0.227775 
0.2278 
0.227825 
0.22785 
0.227875 
0.2279 
0.227925 
0.22795 
0.227975 
0.228 
0.228025 
0.22805 
0.228075 
0.2281 
0.228125 
0.22815 
0.228175 
0.2282 
0.228225 
0.22825 
0.228275 
0.2283 
0.228325 
0.22835 
0.228375 
0.2284 
0.228425 
0.22845 
0.228475 
0.2285 
0.228525 
0.22855 
0.228575 
0.2286 
0.228625 
0.22865 
0.228675 
0.2287 
0.228725 
0.22875 
0.228775 
0.2288 
0.228825 
0.22885 
0.228875 
0.2289 
0.228925 
0.22895 
0.228975 
0.229 
0.229025 
0.22905 
0.229075 
0.2291 
0.229125 
0.22915 
0.229175 
0.2292 
0.229225 
0.22925 
0.229275 
0.2293 
0.229325 
0.22935 
0.229375 
0.2294 
0.229425 
0.22945 
0.229475 
0.2295 
0.229525 
0.22955 
0.229575 
0.2296 
0.229625 
0.22965 
0.229675 
0.2297 
0.229725 
0.22975 
0.229775 
0.2298 
0.229825 
0.22985 
0.229875 
0.2299 
0.229925 
0.22995 
0.229975 
0.23 
0.230025 
0.23005 
0.230075 
0.2301 
0.230125 
0.23015 
0.230175 
0.2302 
0.230225 
0.23025 
0.230275 
0.2303 
0.230325 
0.23035 
0.230375 
0.2304 
0.230425 
0.23045 
0.230475 
0.2305 
0.230525 
0.23055 
0.230575 
0.2306 
0.230625 
0.23065 
0.230675 
0.2307 
0.230725 
0.23075 
0.230775 
0.2308 
0.230825 
0.23085 
0.230875 
0.2309 
0.230925 
0.23095 
0.230975 
0.231 
0.231025 
0.23105 
0.231075 
0.2311 
0.231125 
0.23115 
0.231175 
0.2312 
0.231225 
0.23125 
0.231275 
0.2313 
0.231325 
0.23135 
0.231375 
0.2314 
0.231425 
0.23145 
0.231475 
0.2315 
0.231525 
0.23155 
0.231575 
0.2316 
0.231625 
0.23165 
0.231675 
0.2317 
0.231725 
0.23175 
0.231775 
0.2318 
0.231825 
0.23185 
0.231875 
0.2319 
0.231925 
0.23195 
0.231975 
0.232 
0.232025 
0.23205 
0.232075 
0.2321 
0.232125 
0.23215 
0.232175 
0.2322 
0.232225 
0.23225 
0.232275 
0.2323 
0.232325 
0.23235 
0.232375 
0.2324 
0.232425 
0.23245 
0.232475 
0.2325 
0.232525 
0.23255 
0.232575 
0.2326 
0.232625 
0.23265 
0.232675 
0.2327 
0.232725 
0.23275 
0.232775 
0.2328 
0.232825 
0.23285 
0.232875 
0.2329 
0.232925 
0.23295 
0.232975 
0.233 
0.233025 
0.23305 
0.233075 
0.2331 
0.233125 
0.23315 
0.233175 
0.2332 
0.233225 
0.23325 
0.233275 
0.2333 
0.233325 
0.23335 
0.233375 
0.2334 
0.233425 
0.23345 
0.233475 
0.2335 
0.233525 
0.23355 
0.233575 
0.2336 
0.233625 
0.23365 
0.233675 
0.2337 
0.233725 
0.23375 
0.233775 
0.2338 
0.233825 
0.23385 
0.233875 
0.2339 
0.233925 
0.23395 
0.233975 
0.234 
0.234025 
0.23405 
0.234075 
0.2341 
0.234125 
0.23415 
0.234175 
0.2342 
0.234225 
0.23425 
0.234275 
0.2343 
0.234325 
0.23435 
0.234375 
0.2344 
0.234425 
0.23445 
0.234475 
0.2345 
0.234525 
0.23455 
0.234575 
0.2346 
0.234625 
0.23465 
0.234675 
0.2347 
0.234725 
0.23475 
0.234775 
0.2348 
0.234825 
0.23485 
0.234875 
0.2349 
0.234925 
0.23495 
0.234975 
0.235 
0.235025 
0.23505 
0.235075 
0.2351 
0.235125 
0.23515 
0.235175 
0.2352 
0.235225 
0.23525 
0.235275 
0.2353 
0.235325 
0.23535 
0.235375 
0.2354 
0.235425 
0.23545 
0.235475 
0.2355 
0.235525 
0.23555 
0.235575 
0.2356 
0.235625 
0.23565 
0.235675 
0.2357 
0.235725 
0.23575 
0.235775 
0.2358 
0.235825 
0.23585 
0.235875 
0.2359 
0.235925 
0.23595 
0.235975 
0.236 
0.236025 
0.23605 
0.236075 
0.2361 
0.236125 
0.23615 
0.236175 
0.2362 
0.236225 
0.23625 
0.236275 
0.2363 
0.236325 
0.23635 
0.236375 
0.2364 
0.236425 
0.23645 
0.236475 
0.2365 
0.236525 
0.23655 
0.236575 
0.2366 
0.236625 
0.23665 
0.236675 
0.2367 
0.236725 
0.23675 
0.236775 
0.2368 
0.236825 
0.23685 
0.236875 
0.2369 
0.236925 
0.23695 
0.236975 
0.237 
0.237025 
0.23705 
0.237075 
0.2371 
0.237125 
0.23715 
0.237175 
0.2372 
0.237225 
0.23725 
0.237275 
0.2373 
0.237325 
0.23735 
0.237375 
0.2374 
0.237425 
0.23745 
0.237475 
0.2375 
0.237525 
0.23755 
0.237575 
0.2376 
0.237625 
0.23765 
0.237675 
0.2377 
0.237725 
0.23775 
0.237775 
0.2378 
0.237825 
0.23785 
0.237875 
0.2379 
0.237925 
0.23795 
0.237975 
0.238 
0.238025 
0.23805 
0.238075 
0.2381 
0.238125 
0.23815 
0.238175 
0.2382 
0.238225 
0.23825 
0.238275 
0.2383 
0.238325 
0.23835 
0.238375 
0.2384 
0.238425 
0.23845 
0.238475 
0.2385 
0.238525 
0.23855 
0.238575 
0.2386 
0.238625 
0.23865 
0.238675 
0.2387 
0.238725 
0.23875 
0.238775 
0.2388 
0.238825 
0.23885 
0.238875 
0.2389 
0.238925 
0.23895 
0.238975 
0.239 
0.239025 
0.23905 
0.239075 
0.2391 
0.239125 
0.23915 
0.239175 
0.2392 
0.239225 
0.23925 
0.239275 
0.2393 
0.239325 
0.23935 
0.239375 
0.2394 
0.239425 
0.23945 
0.239475 
0.2395 
0.239525 
0.23955 
0.239575 
0.2396 
0.239625 
0.23965 
0.239675 
0.2397 
0.239725 
0.23975 
0.239775 
0.2398 
0.239825 
0.23985 
0.239875 
0.2399 
0.239925 
0.23995 
0.239975 
0.24 
0.240025 
0.24005 
0.240075 
0.2401 
0.240125 
0.24015 
0.240175 
0.2402 
0.240225 
0.24025 
0.240275 
0.2403 
0.240325 
0.24035 
0.240375 
0.2404 
0.240425 
0.24045 
0.240475 
0.2405 
0.240525 
0.24055 
0.240575 
0.2406 
0.240625 
0.24065 
0.240675 
0.2407 
0.240725 
0.24075 
0.240775 
0.2408 
0.240825 
0.24085 
0.240875 
0.2409 
0.240925 
0.24095 
0.240975 
0.241 
0.241025 
0.24105 
0.241075 
0.2411 
0.241125 
0.24115 
0.241175 
0.2412 
0.241225 
0.24125 
0.241275 
0.2413 
0.241325 
0.24135 
0.241375 
0.2414 
0.241425 
0.24145 
0.241475 
0.2415 
0.241525 
0.24155 
0.241575 
0.2416 
0.241625 
0.24165 
0.241675 
0.2417 
0.241725 
0.24175 
0.241775 
0.2418 
0.241825 
0.24185 
0.241875 
0.2419 
0.241925 
0.24195 
0.241975 
0.242 
0.242025 
0.24205 
0.242075 
0.2421 
0.242125 
0.24215 
0.242175 
0.2422 
0.242225 
0.24225 
0.242275 
0.2423 
0.242325 
0.24235 
0.242375 
0.2424 
0.242425 
0.24245 
0.242475 
0.2425 
0.242525 
0.24255 
0.242575 
0.2426 
0.242625 
0.24265 
0.242675 
0.2427 
0.242725 
0.24275 
0.242775 
0.2428 
0.242825 
0.24285 
0.242875 
0.2429 
0.242925 
0.24295 
0.242975 
0.243 
0.243025 
0.24305 
0.243075 
0.2431 
0.243125 
0.24315 
0.243175 
0.2432 
0.243225 
0.24325 
0.243275 
0.2433 
0.243325 
0.24335 
0.243375 
0.2434 
0.243425 
0.24345 
0.243475 
0.2435 
0.243525 
0.24355 
0.243575 
0.2436 
0.243625 
0.24365 
0.243675 
0.2437 
0.243725 
0.24375 
0.243775 
0.2438 
0.243825 
0.24385 
0.243875 
0.2439 
0.243925 
0.24395 
0.243975 
0.244 
0.244025 
0.24405 
0.244075 
0.2441 
0.244125 
0.24415 
0.244175 
0.2442 
0.244225 
0.24425 
0.244275 
0.2443 
0.244325 
0.24435 
0.244375 
0.2444 
0.244425 
0.24445 
0.244475 
0.2445 
0.244525 
0.24455 
0.244575 
0.2446 
0.244625 
0.24465 
0.244675 
0.2447 
0.244725 
0.24475 
0.244775 
0.2448 
0.244825 
0.24485 
0.244875 
0.2449 
0.244925 
0.24495 
0.244975 
0.245 
0.245025 
0.24505 
0.245075 
0.2451 
0.245125 
0.24515 
0.245175 
0.2452 
0.245225 
0.24525 
0.245275 
0.2453 
0.245325 
0.24535 
0.245375 
0.2454 
0.245425 
0.24545 
0.245475 
0.2455 
0.245525 
0.24555 
0.245575 
0.2456 
0.245625 
0.24565 
0.245675 
0.2457 
0.245725 
0.24575 
0.245775 
0.2458 
0.245825 
0.24585 
0.245875 
0.2459 
0.245925 
0.24595 
0.245975 
0.246 
0.246025 
0.24605 
0.246075 
0.2461 
0.246125 
0.24615 
0.246175 
0.2462 
0.246225 
0.24625 
0.246275 
0.2463 
0.246325 
0.24635 
0.246375 
0.2464 
0.246425 
0.24645 
0.246475 
0.2465 
0.246525 
0.24655 
0.246575 
0.2466 
0.246625 
0.24665 
0.246675 
0.2467 
0.246725 
0.24675 
0.246775 
0.2468 
0.246825 
0.24685 
0.246875 
0.2469 
0.246925 
0.24695 
0.246975 
0.247 
0.247025 
0.24705 
0.247075 
0.2471 
0.247125 
0.24715 
0.247175 
0.2472 
0.247225 
0.24725 
0.247275 
0.2473 
0.247325 
0.24735 
0.247375 
0.2474 
0.247425 
0.24745 
0.247475 
0.2475 
0.247525 
0.24755 
0.247575 
0.2476 
0.247625 
0.24765 
0.247675 
0.2477 
0.247725 
0.24775 
0.247775 
0.2478 
0.247825 
0.24785 
0.247875 
0.2479 
0.247925 
0.24795 
0.247975 
0.248 
0.248025 
0.24805 
0.248075 
0.2481 
0.248125 
0.24815 
0.248175 
0.2482 
0.248225 
0.24825 
0.248275 
0.2483 
0.248325 
0.24835 
0.248375 
0.2484 
0.248425 
0.24845 
0.248475 
0.2485 
0.248525 
0.24855 
0.248575 
0.2486 
0.248625 
0.24865 
0.248675 
0.2487 
0.248725 
0.24875 
0.248775 
0.2488 
0.248825 
0.24885 
0.248875 
0.2489 
0.248925 
0.24895 
0.248975 
0.249 
0.249025 
0.24905 
0.249075 
0.2491 
0.249125 
0.24915 
0.249175 
0.2492 
0.249225 
0.24925 
0.249275 
0.2493 
0.249325 
0.24935 
0.249375 
0.2494 
0.249425 
0.24945 
0.249475 
0.2495 
0.249525 
0.24955 
0.249575 
0.2496 
0.249625 
0.24965 
0.249675 
0.2497 
0.249725 
0.24975 
0.249775 
0.2498 
0.249825 
0.24985 
0.249875 
0.2499 
0.249925 
0.24995 
0.249975 
0.25 
