-1.034396695 
-1.0344 
0.996994 
0.996994 
1.16581 
0.0614452 
0.0781596 
0.0989283 
0.124472 
0.155446 
0.19229 
0.235043 
0.283156 
0.335305 
0.389298 
0.44232 
0.491466 
0.53453 
0.570574 
0.600039 
0.624323 
0.645151 
0.664044 
0.682129 
0.700109 
0.718365 
0.737073 
0.756299 
0.776046 
0.7963 
0.817054 
0.838276 
0.859968 
0.882107 
0.904691 
0.927715 
0.951159 
0.975017 
0.999277 
1.02392 
1.04894 
1.0743 
1.09998 
1.12595 
1.15218 
1.17863 
1.20526 
1.23204 
1.25889 
1.28579 
1.31265 
1.33944 
1.36607 
1.39247 
1.41858 
1.44432 
1.4696 
1.49435 
1.51848 
1.54191 
1.56458 
1.58639 
1.60727 
1.62717 
1.64602 
1.66376 
1.68035 
1.69575 
1.70994 
1.7229 
1.73462 
1.7451 
1.75437 
1.76243 
1.76933 
1.7751 
1.77978 
1.78344 
1.78612 
1.78788 
1.7888 
1.78892 
1.78832 
1.78706 
1.78521 
1.78282 
1.77996 
1.77669 
1.77305 
1.7691 
1.76489 
1.76046 
1.75585 
1.75111 
1.74626 
1.74134 
1.73638 
1.73139 
1.72642 
1.72146 
1.71655 
1.7117 
1.70692 
1.70222 
1.69762 
1.69311 
1.68872 
1.68444 
1.68028 
1.67624 
1.67233 
1.66855 
1.66489 
1.66136 
1.65796 
1.65469 
1.65154 
1.64852 
1.64562 
1.64284 
1.64019 
1.63764 
1.63521 
1.6329 
1.63068 
1.62858 
1.62657 
1.62466 
1.62285 
1.62113 
1.6195 
1.61795 
1.61649 
1.61511 
1.6138 
1.61256 
1.6114 
1.6103 
1.60927 
1.6083 
1.60738 
1.60653 
1.60572 
1.60497 
1.60427 
1.60361 
1.603 
1.60243 
1.6019 
1.60141 
1.60095 
1.60053 
1.60013 
1.59977 
1.59944 
1.59914 
1.59886 
1.5986 
1.59837 
1.59815 
1.59796 
1.59779 
1.59763 
1.59749 
1.59737 
1.59726 
1.59716 
1.59707 
1.597 
1.59694 
1.59688 
1.59684 
1.5968 
1.59678 
1.59676 
1.59674 
1.59673 
1.59673 
1.59673 
1.59674 
1.59675 
1.59676 
1.59678 
1.5968 
1.59682 
1.59685 
1.59688 
1.59691 
1.59694 
1.59697 
1.597 
1.59703 
1.59707 
1.5971 
1.59714 
1.59717 
1.59721 
1.59724 
1.59728 
1.59731 
1.59735 
1.59738 
1.59741 
1.59745 
1.59748 
1.59751 
1.59754 
1.59757 
1.5976 
1.59763 
1.59766 
1.59768 
1.59771 
1.59774 
1.59776 
1.59779 
1.59781 
1.59783 
1.59785 
1.59787 
1.59789 
1.59791 
1.59793 
1.59795 
1.59797 
1.59798 
1.598 
1.59801 
1.59803 
1.59804 
1.59805 
1.59807 
1.59808 
1.59809 
1.5981 
1.59811 
1.59812 
1.59813 
1.59814 
1.59814 
1.59815 
1.59816 
1.59816 
1.59817 
1.59818 
1.59818 
1.59819 
1.59819 
1.5982 
1.5982 
1.59821 
1.59821 
1.59821 
1.59822 
1.59822 
1.59822 
1.59822 
1.59823 
1.59823 
1.59823 
1.59823 
1.59823 
1.59824 
1.59824 
1.59824 
1.59824 
1.59824 
1.59824 
1.59824 
1.59824 
1.59824 
1.59824 
1.59824 
1.59825 
1.59825 
1.59825 
1.59825 
1.59825 
1.59825 
1.59825 
1.59825 
1.59825 
1.59825 
1.59825 
1.59825 
1.59825 
1.59825 
1.59825 
1.59825 
1.59825 
1.59825 
1.59825 
1.59825 
1.59824 
1.59824 
1.59824 
1.59824 
1.59824 
1.59824 
1.59824 
1.59824 
1.59824 
1.59824 
1.59824 
1.59824 
1.59824 
1.59824 
1.59824 
1.59824 
1.59824 
1.59824 
1.59824 
1.59824 
1.59824 
1.59824 
1.59824 
1.59824 
1.59824 
1.59824 
1.59824 
1.59824 
1.59824 
1.59824 
1.59824 
1.59824 
1.59824 
1.59824 
1.59824 
1.59824 
1.59824 
1.59824 
1.59824 
1.59824 
1.59824 
1.59824 
1.59824 
1.59824 
1.59824 
1.59824 
1.59824 
1.59824 
1.59824 
1.59824 
1.59824 
1.59824 
1.59824 
1.59824 
1.59824 
1.59824 
1.59824 
1.59824 
1.59824 
1.59824 
1.59824 
1.59824 
1.59824 
1.59824 
1.59824 
1.59824 
1.59824 
1.59824 
1.59824 
1.59824 
1.59824 
1.59824 
1.59824 
1.59824 
1.59824 
1.59824 
1.59824 
1.59824 
1.59824 
1.59824 
1.59824 
1.59824 
1.59824 
1.59824 
1.59824 
1.59824 
1.59824 
1.59824 
1.59824 
1.59824 
1.59824 
1.59824 
1.59824 
1.59824 
1.59824 
1.59824 
1.59824 
1.59824 
1.59824 
1.59824 
1.59824 
1.59824 
1.59824 
1.59824 
1.59824 
1.59824 
1.59824 
1.59824 
1.59824 
1.59824 
1.59824 
1.59824 
1.59824 
1.59824 
1.59824 
1.59824 
1.59824 
1.59824 
1.59824 
1.59824 
1.59824 
1.59824 
1.59824 
1.59824 
1.59824 
1.59824 
1.59824 
1.59824 
1.59824 
1.59824 
1.59824 
1.59824 
1.59824 
1.59824 
1.59824 
1.59824 
1.59824 
1.59824 
1.59824 
1.59824 
1.59824 
1.59824 
1.59824 
1.59824 
1.59824 
1.59824 
1.59824 
1.59824 
1.59824 
1.59824 
1.59824 
1.59824 
1.59824 
1.59824 
1.59824 
1.59824 
1.59824 
1.59824 
1.59824 
1.59824 
1.59824 
1.59824 
1.59824 
1.59824 
1.59824 
1.59824 
1.59824 
1.59824 
1.59824 
1.59824 
1.59824 
1.59824 
1.59824 
1.59824 
1.59824 
1.59824 
1.59824 
1.59824 
1.59824 
1.59824 
1.59824 
1.59824 
1.59824 
1.59824 
1.59824 
1.59824 
1.59824 
1.59824 
1.59824 
1.59824 
1.59824 
1.59824 
1.59824 
1.59824 
1.59824 
1.59824 
1.59824 
1.59824 
1.59824 
1.59824 
1.59824 
1.59824 
1.59824 
1.59824 
1.59824 
1.59824 
1.59824 
1.59824 
1.59824 
1.59824 
1.59824 
1.59824 
1.59824 
1.59824 
1.59824 
1.59824 
1.59824 
1.59824 
1.59824 
1.59824 
1.59824 
1.59824 
1.59824 
1.59824 
1.59824 
1.59824 
1.59824 
1.59824 
1.59824 
1.59824 
1.59824 
1.59824 
1.59824 
1.59824 
1.59824 
1.59824 
1.59824 
1.59824 
1.59824 
1.59824 
1.59824 
1.59824 
1.59824 
1.59824 
1.59824 
1.59824 
1.59824 
1.59824 
1.59824 
1.59824 
1.59824 
1.59824 
1.59824 
1.59824 
1.59824 
1.59824 
1.59824 
1.59824 
1.59824 
1.59824 
1.59824 
1.59824 
1.59824 
1.59824 
1.59824 
1.59824 
1.59824 
1.59824 
1.59824 
1.59824 
1.59824 
1.59824 
1.59824 
1.59824 
1.59824 
1.59824 
1.59824 
1.59824 
1.59824 
1.59824 
1.59824 
1.59824 
1.59824 
1.59824 
1.59824 
1.59824 
1.59824 
1.59824 
1.59824 
1.59824 
1.59824 
1.59824 
1.59824 
1.59824 
1.59824 
1.59824 
1.59824 
1.59824 
1.59824 
1.59824 
1.59824 
1.59824 
1.59824 
1.59824 
1.59824 
1.59824 
1.59824 
1.59824 
1.59824 
1.59824 
1.59824 
1.59824 
1.59824 
1.59824 
1.59824 
1.59824 
1.59824 
1.59824 
1.59824 
1.59824 
1.59824 
1.59824 
1.59824 
1.59824 
1.59824 
1.59824 
1.59824 
1.59824 
1.59824 
1.59824 
1.59824 
1.59824 
1.59824 
1.59824 
1.59824 
1.59824 
1.59824 
1.59824 
1.59824 
1.59824 
1.59824 
1.59824 
1.59824 
1.59824 
1.59824 
1.59824 
1.59824 
1.59824 
1.59824 
1.59824 
1.59824 
1.59824 
1.59824 
1.59824 
1.59824 
1.59824 
1.59824 
1.59824 
1.59824 
1.59824 
1.59824 
1.59824 
1.59824 
1.59824 
1.59824 
1.59824 
1.59824 
1.59824 
1.59824 
1.59824 
1.59824 
1.59824 
1.59824 
1.59824 
1.59824 
1.59824 
1.59824 
1.59824 
1.59824 
1.59824 
1.59824 
1.59824 
1.59824 
1.59824 
1.59824 
1.59824 
1.59824 
1.59824 
1.59824 
1.59824 
1.59824 
1.59824 
1.59824 
1.59824 
1.59824 
1.59824 
1.59824 
1.59824 
1.59824 
1.59824 
1.59824 
1.59824 
1.59824 
1.59824 
1.59824 
1.59824 
1.59824 
1.59824 
1.59824 
1.59824 
1.59824 
1.59824 
1.59824 
1.59824 
1.59824 
1.59824 
1.59824 
1.59824 
1.59824 
1.59824 
1.59824 
1.59824 
1.59824 
1.59824 
1.59824 
1.59824 
1.59824 
1.59824 
1.59824 
1.59824 
1.59824 
1.59824 
1.59824 
1.59824 
1.59824 
1.59824 
1.59824 
1.59824 
1.59824 
1.59824 
1.59824 
1.59824 
1.59824 
1.59824 
1.59824 
1.59824 
1.59824 
1.59824 
1.59824 
1.59824 
1.59824 
1.59824 
1.59824 
1.59824 
1.59824 
1.59824 
1.59824 
1.59824 
1.59824 
1.59824 
1.59824 
1.59824 
1.59824 
1.59824 
1.59824 
1.59824 
1.59824 
1.59824 
1.59824 
1.59824 
1.59824 
1.59824 
1.59824 
1.59824 
1.59824 
1.59824 
1.59824 
1.59824 
1.59824 
1.59824 
1.59824 
1.59824 
1.59824 
1.59824 
1.59824 
1.59824 
1.59824 
1.59824 
1.59824 
1.59824 
1.59824 
1.59824 
1.59824 
1.59824 
1.59824 
1.59824 
1.59824 
1.59824 
1.59824 
1.59824 
1.59824 
1.59824 
1.59824 
1.59824 
1.59824 
1.59824 
1.59824 
1.59824 
1.59824 
1.60248 
1.60987 
1.61956 
1.63087 
1.64325 
1.65626 
1.66955 
1.68281 
1.69582 
1.70837 
1.72029 
1.73146 
1.74175 
1.7511 
1.75944 
1.76672 
1.77292 
1.77805 
1.78211 
1.78514 
1.78754 
1.7893 
1.79039 
1.79082 
1.79062 
1.7898 
1.78842 
1.78651 
1.78411 
1.78127 
1.77804 
1.77446 
1.77058 
1.76644 
1.76208 
1.75754 
1.75286 
1.74807 
1.7432 
1.73827 
1.73332 
1.72837 
1.72343 
1.71853 
1.71368 
1.7089 
1.70419 
1.69957 
1.69505 
1.69063 
1.68632 
1.68213 
1.67805 
1.6741 
1.67028 
1.66658 
1.66301 
1.65956 
1.65624 
1.65305 
1.64998 
1.64703 
1.64421 
1.6415 
1.63891 
1.63643 
1.63407 
1.63181 
1.62966 
1.62761 
1.62566 
1.6238 
1.62204 
1.62037 
1.61879 
1.61728 
1.61586 
1.61452 
1.61325 
1.61205 
1.61092 
1.60985 
1.60885 
1.60791 
1.60702 
1.60619 
1.60542 
1.60469 
1.60401 
1.60337 
1.60278 
1.60223 
1.60171 
1.60124 
1.6008 
1.60039 
1.60001 
1.59966 
1.59934 
1.59905 
1.59878 
1.59853 
1.59831 
1.5981 
1.59792 
1.59775 
1.5976 
1.59747 
1.59735 
1.59724 
1.59715 
1.59707 
1.597 
1.59694 
1.59689 
1.59685 
1.59682 
1.59679 
1.59677 
1.59676 
1.59675 
1.59675 
1.59675 
1.59676 
1.59677 
1.59679 
1.59681 
1.59683 
1.59685 
1.59688 
1.5969 
1.59693 
1.59696 
1.59699 
1.59703 
1.59706 
1.59709 
1.59713 
1.59716 
1.5972 
1.59723 
1.59726 
1.5973 
1.59733 
1.59737 
1.5974 
1.59743 
1.59747 
1.5975 
1.59753 
1.59756 
1.59759 
1.59762 
1.59765 
1.59767 
1.5977 
1.59773 
1.59775 
1.59777 
1.5978 
1.59782 
1.59784 
1.59786 
1.59788 
1.5979 
1.59792 
1.59794 
1.59796 
1.59797 
1.59799 
1.598 
1.59802 
1.59803 
1.59805 
1.59806 
1.59807 
1.59808 
1.59809 
1.5981 
1.59811 
1.59812 
1.59813 
1.59814 
1.59815 
1.59815 
1.59816 
1.59817 
1.59817 
1.59818 
1.59818 
1.59819 
1.59819 
1.5982 
1.5982 
1.59821 
1.59821 
1.59821 
1.59822 
1.59822 
1.59822 
1.59822 
1.59823 
1.59823 
1.59823 
1.59823 
1.59823 
1.59824 
1.59824 
1.59824 
1.59824 
1.59824 
1.59824 
1.59824 
1.59824 
1.59824 
1.59824 
1.59824 
1.59825 
1.59825 
1.59825 
1.59825 
1.59825 
1.59825 
1.59825 
1.59825 
1.59825 
1.59825 
1.59825 
1.59825 
1.59825 
1.59825 
1.59825 
1.59825 
1.59825 
1.59825 
1.59825 
1.59825 
1.59824 
1.59824 
1.59824 
1.59824 
1.59824 
1.59824 
1.59824 
1.59824 
1.59824 
1.59824 
1.59824 
1.59824 
1.59824 
1.59824 
1.59824 
1.59824 
1.59824 
1.59824 
1.59824 
1.59824 
1.59824 
1.59824 
1.59824 
1.59824 
1.59824 
1.59824 
1.59824 
1.59824 
1.59824 
1.59824 
1.59824 
1.59824 
1.59824 
1.59824 
1.59824 
1.59824 
1.59824 
1.59824 
1.59824 
1.59824 
1.59824 
1.59824 
1.59824 
1.59824 
1.59824 
1.59824 
1.59824 
1.59824 
1.59824 
1.59824 
1.59824 
1.59824 
1.59824 
1.59824 
1.59824 
1.59824 
1.59824 
1.59824 
1.59824 
1.59824 
1.59824 
1.59824 
1.59824 
1.59824 
1.59824 
1.59824 
1.59824 
1.59824 
1.59824 
1.59824 
1.59824 
1.59824 
1.59824 
1.59824 
1.59824 
1.59824 
1.59824 
1.59824 
1.59824 
1.59824 
1.59824 
1.59824 
1.59824 
1.59824 
1.59824 
1.59824 
1.59824 
1.59824 
1.59824 
1.59824 
1.59824 
1.59824 
1.59824 
1.59824 
1.59824 
1.59824 
1.59824 
1.59824 
1.59824 
1.59824 
1.59824 
1.59824 
1.59824 
1.59824 
1.59824 
1.59824 
1.59824 
1.59824 
1.59824 
1.59824 
1.59824 
1.59824 
1.59824 
1.59824 
1.59824 
1.59824 
1.59824 
1.59824 
1.59824 
1.59824 
1.59824 
1.59824 
1.59824 
1.59824 
1.59824 
1.59824 
1.59824 
1.59824 
1.59824 
1.59824 
1.59824 
1.59824 
1.59824 
1.59824 
1.59824 
1.59824 
1.59824 
1.59824 
1.59824 
1.59824 
1.59824 
1.59824 
1.59824 
1.59824 
1.59824 
1.59824 
1.59824 
1.59824 
1.59824 
1.59824 
1.59824 
1.59824 
1.59824 
1.59824 
1.59824 
1.59824 
1.59824 
1.59824 
1.59824 
1.59824 
1.59824 
1.59824 
1.59824 
1.59824 
1.59824 
1.59824 
1.59824 
1.59824 
1.59824 
1.59824 
1.59824 
1.59824 
1.59824 
1.59824 
1.59824 
1.59824 
1.59824 
1.59824 
1.59824 
1.59824 
1.59824 
1.59824 
1.59824 
1.59824 
1.59824 
1.59824 
1.59824 
1.59824 
1.59824 
1.59824 
1.59824 
1.59824 
1.59824 
1.59824 
1.59824 
1.59824 
1.59824 
1.59824 
1.59824 
1.59824 
1.59824 
1.59824 
1.59824 
1.59824 
1.59824 
1.59824 
1.59824 
1.59824 
1.59824 
1.59824 
1.59824 
1.59824 
1.59824 
1.59824 
1.59824 
1.59824 
1.59824 
1.59824 
1.59824 
1.59824 
1.59824 
1.59824 
1.59824 
1.59824 
1.59824 
1.59824 
1.59824 
1.59824 
1.59824 
1.59824 
1.59824 
1.59824 
1.59824 
1.59824 
1.59824 
1.59824 
1.59824 
1.59824 
1.59824 
1.59824 
1.59824 
1.59824 
1.59824 
1.59824 
1.59824 
1.59824 
1.59824 
1.59824 
1.59824 
1.59824 
1.59824 
1.59824 
1.59824 
1.59824 
1.59824 
1.59824 
1.59824 
1.59824 
1.59824 
1.59824 
1.59824 
1.59824 
1.59824 
1.59824 
1.59824 
1.59824 
1.59824 
1.59824 
1.59824 
1.59824 
1.59824 
1.59824 
1.59824 
1.59824 
1.59824 
1.59824 
1.59824 
1.59824 
1.59824 
1.59824 
1.59824 
1.59824 
1.59824 
1.59824 
1.59824 
1.59824 
1.59824 
1.59824 
1.59824 
1.59824 
1.59824 
1.59824 
1.59824 
1.59824 
1.59824 
1.59824 
1.59824 
1.59824 
1.59824 
1.59824 
1.59824 
1.59824 
1.59824 
1.59824 
1.59824 
1.59824 
1.59824 
1.59824 
1.59824 
1.59824 
1.59824 
1.59824 
1.59824 
1.59824 
1.59824 
1.59824 
1.59824 
1.59824 
1.59824 
1.59824 
1.59824 
1.59824 
1.59824 
1.59824 
1.59824 
1.59824 
1.59824 
1.59824 
1.59824 
1.59824 
1.59824 
1.59824 
1.59824 
1.59824 
1.59824 
1.59824 
1.59824 
1.59824 
1.59824 
1.59824 
1.59824 
1.59824 
1.59824 
1.59824 
1.59824 
1.59824 
1.59824 
1.59824 
1.59824 
1.59824 
1.59824 
1.59824 
1.59824 
1.59824 
1.59824 
1.59824 
1.59824 
1.59824 
1.59824 
1.59824 
1.59824 
1.59824 
1.59824 
1.59824 
1.59824 
1.59824 
1.59824 
1.59824 
1.59824 
1.59824 
1.59824 
1.59824 
1.59824 
1.59824 
1.59824 
1.59824 
1.59824 
1.59824 
1.59824 
1.59824 
1.59824 
1.59824 
1.59824 
1.59824 
1.59824 
1.59824 
1.59824 
1.59824 
1.59824 
1.59824 
1.59824 
1.59824 
1.59824 
1.59824 
1.59824 
1.59824 
1.59824 
1.59824 
1.59824 
1.59824 
1.59824 
1.59824 
1.59824 
1.59824 
1.59824 
1.59824 
1.59824 
1.59824 
1.59824 
1.59824 
1.59824 
1.59824 
1.59824 
1.59824 
1.59824 
1.59824 
1.59824 
1.59824 
1.59824 
1.59824 
1.59824 
1.59824 
1.59824 
1.59824 
1.59824 
1.59824 
1.59824 
1.59824 
1.59824 
1.59824 
1.59824 
1.59824 
1.59824 
1.59824 
1.59824 
1.59824 
1.59824 
1.59824 
1.59824 
1.59824 
1.59824 
1.59824 
1.59824 
1.59824 
1.59824 
1.59824 
1.59824 
1.59824 
1.59824 
1.59824 
1.59824 
1.59824 
1.59824 
1.59824 
1.59824 
1.59824 
1.59824 
1.59824 
1.59824 
1.59824 
1.59824 
1.59824 
1.59824 
1.59824 
1.59824 
1.59824 
1.59824 
1.59824 
1.59824 
1.59824 
1.59824 
1.59824 
1.59824 
1.59824 
1.59824 
1.59824 
1.59824 
1.59824 
1.59824 
1.59824 
1.59824 
1.59824 
1.59824 
1.59824 
1.59824 
1.59824 
1.59824 
1.59824 
1.59824 
1.59824 
1.59824 
1.59824 
1.59824 
1.59824 
1.59824 
1.59824 
1.59824 
1.59824 
1.59824 
1.59824 
1.59824 
1.59824 
1.59824 
1.59824 
1.59824 
1.59824 
1.59824 
1.59824 
1.59824 
1.59824 
1.59824 
1.59824 
1.59824 
1.59824 
1.59824 
1.59824 
1.59824 
1.59824 
1.59824 
1.59824 
1.59824 
1.59824 
1.59824 
1.59824 
1.59824 
1.59824 
1.59824 
1.59824 
1.59824 
1.59824 
1.59824 
1.59824 
1.59824 
1.59824 
1.59824 
1.59824 
1.59824 
1.59824 
1.59824 
1.59824 
1.59824 
1.59824 
1.59824 
1.59824 
1.59824 
1.59824 
1.59824 
1.59824 
1.59824 
1.59824 
1.59824 
1.59824 
1.59824 
1.59824 
1.59824 
1.59824 
1.59824 
1.59824 
1.59824 
1.59824 
1.59824 
1.59824 
1.59824 
1.59824 
1.59824 
1.59824 
1.59824 
1.59824 
1.59824 
1.59824 
1.59824 
1.59824 
1.59824 
1.59824 
1.59824 
1.59824 
1.59824 
1.59824 
1.59824 
1.59824 
1.59824 
1.59824 
1.59824 
1.59824 
1.59824 
1.59824 
1.59824 
1.59824 
1.59824 
1.59824 
1.59824 
1.59824 
1.59824 
1.59824 
1.59824 
1.59824 
1.59824 
1.59824 
1.59824 
1.59824 
1.59824 
1.59824 
1.59824 
1.59824 
1.59824 
1.59824 
1.59824 
1.59824 
1.59824 
1.59824 
1.59824 
1.59824 
1.59824 
1.59824 
1.59824 
1.59824 
1.59824 
1.59824 
1.59824 
1.59824 
1.59824 
1.59824 
1.59824 
1.59824 
1.59824 
1.59824 
1.59824 
1.59824 
1.59824 
1.59824 
1.59824 
1.59824 
1.59824 
1.59824 
1.59824 
1.59824 
1.59824 
1.59824 
1.59824 
1.59824 
1.59824 
1.59824 
1.59824 
1.59824 
1.59824 
1.59824 
1.59824 
1.59824 
1.59824 
1.59824 
1.59824 
1.59824 
1.59824 
1.59824 
1.59824 
1.59824 
1.59824 
1.59824 
1.59824 
1.59824 
1.59824 
1.59824 
1.59824 
1.59824 
1.59824 
1.59824 
1.59824 
1.59824 
1.59824 
1.59824 
1.59824 
1.59824 
1.59824 
1.59824 
1.59824 
1.59824 
1.59824 
1.59824 
1.59824 
1.59824 
1.59824 
1.59824 
1.59824 
1.59824 
1.59824 
1.59824 
1.59824 
1.59824 
1.59824 
1.59824 
1.59824 
1.59824 
1.59824 
1.59824 
1.59824 
1.59824 
1.59824 
1.59824 
1.59824 
1.59824 
1.59824 
1.59824 
1.59824 
1.59824 
1.59824 
1.59824 
1.59824 
1.59824 
1.59824 
1.59824 
1.59824 
1.59824 
1.59824 
1.59824 
1.59824 
1.59824 
1.59824 
1.59824 
1.59824 
1.59824 
1.59824 
1.59824 
1.59824 
1.59824 
1.59824 
1.59824 
1.59824 
1.59824 
1.59824 
1.59824 
1.59824 
1.59824 
1.59824 
1.59824 
1.59824 
1.59824 
1.59824 
1.59824 
1.59824 
1.59824 
1.59824 
1.59824 
1.59824 
1.59824 
1.59824 
1.59824 
1.59824 
1.59824 
1.59824 
1.59824 
1.59824 
1.59824 
1.59824 
1.59824 
1.59824 
1.59824 
1.59824 
1.59824 
1.59824 
1.59824 
1.59824 
1.59824 
1.59824 
1.59824 
1.59824 
1.59824 
1.59824 
1.59824 
1.59824 
1.59824 
1.59824 
1.59824 
1.59824 
1.59824 
1.59824 
1.59824 
1.59824 
1.59824 
1.59824 
1.59824 
1.59824 
1.59824 
1.59824 
1.59824 
1.59824 
1.59824 
1.59824 
1.59824 
1.59824 
1.59824 
1.59824 
1.59824 
1.59824 
1.59824 
1.59824 
1.59824 
1.59824 
1.59824 
1.59824 
1.59824 
1.59824 
1.59824 
1.59824 
1.59824 
1.59824 
1.59824 
1.59824 
1.59824 
1.59824 
1.59824 
1.59824 
1.59824 
1.59824 
1.59824 
1.59824 
1.59824 
1.59824 
1.59824 
1.59824 
1.59824 
1.59824 
1.59824 
1.59824 
1.59824 
1.59824 
1.59824 
1.59824 
1.59824 
1.59824 
1.59824 
1.59824 
1.59824 
1.59824 
1.59824 
1.59824 
1.59824 
1.59824 
1.59824 
1.59824 
1.59824 
1.59824 
1.59824 
1.59824 
1.59824 
1.59824 
1.59824 
1.59824 
1.59824 
1.59824 
1.59824 
1.59824 
1.59824 
1.59824 
1.59824 
1.59824 
1.59824 
1.59824 
1.59824 
1.59824 
1.59824 
1.59824 
1.59824 
1.59824 
1.59824 
1.59824 
1.59824 
1.59824 
1.59824 
1.59824 
1.59824 
1.59824 
1.59824 
1.59824 
1.59824 
1.59824 
1.59824 
1.59824 
1.59824 
1.59824 
1.59824 
1.59824 
1.59824 
1.59824 
1.59824 
1.59824 
1.59824 
1.59824 
1.59824 
1.59824 
1.59824 
1.59824 
1.59824 
1.59824 
1.59824 
1.59824 
1.59824 
1.59824 
1.59824 
1.59824 
1.59824 
1.59824 
1.59824 
1.59824 
1.59824 
1.59824 
1.59824 
1.59824 
1.59824 
1.59824 
1.59824 
1.59824 
1.59824 
1.59824 
1.59824 
1.59824 
1.59824 
1.59824 
1.59824 
1.59824 
1.59824 
1.59824 
1.59824 
1.59824 
1.59824 
1.59824 
1.59824 
1.59824 
1.59824 
1.59824 
1.59824 
1.59824 
1.59824 
1.59824 
1.59824 
1.59824 
1.59824 
1.59824 
1.59824 
1.59824 
1.59824 
1.59824 
1.59824 
1.59824 
1.59824 
1.59824 
1.59824 
1.59824 
1.59824 
1.59824 
1.59824 
1.59824 
1.59824 
1.59824 
1.59824 
1.59824 
1.59824 
1.59824 
1.59824 
1.59824 
1.59824 
1.59824 
1.59824 
1.59824 
1.59824 
1.59824 
1.59824 
1.59824 
1.59824 
1.59824 
1.59824 
1.59824 
1.59824 
1.59824 
1.59824 
1.59824 
1.59824 
1.59824 
1.59824 
1.59824 
1.59824 
1.59824 
1.59824 
1.59824 
1.59824 
1.59824 
1.59824 
1.59824 
1.59824 
1.59824 
1.59824 
1.59824 
1.59824 
1.59824 
1.59824 
1.59824 
1.59824 
1.59824 
1.59824 
1.59824 
1.59824 
1.59824 
1.59824 
1.59824 
1.59824 
1.59824 
1.59824 
1.59824 
1.59824 
1.59824 
1.59824 
1.59824 
1.59824 
1.59824 
1.59824 
1.59824 
1.59824 
1.59824 
1.59824 
1.59824 
1.59824 
1.59824 
1.59824 
1.59824 
1.59824 
1.59824 
1.59824 
1.59824 
1.59824 
1.59824 
1.59824 
1.59824 
1.59824 
1.59824 
1.59824 
1.59824 
1.59824 
1.59824 
1.59824 
1.59824 
1.59824 
1.59824 
1.59824 
1.59824 
1.59824 
1.59824 
1.59824 
1.59824 
1.59824 
1.59824 
1.59824 
1.59824 
1.59824 
1.59824 
1.59824 
1.59824 
1.59824 
1.59824 
1.59824 
1.59824 
1.59824 
1.59824 
1.59824 
1.59824 
1.59824 
1.59824 
1.59824 
1.59824 
1.59824 
1.59824 
1.59824 
1.59824 
1.59824 
1.59824 
1.59824 
1.59824 
1.59824 
1.59824 
1.59824 
1.59824 
1.59824 
1.59824 
1.59824 
1.59824 
1.59824 
1.59824 
1.59824 
1.59824 
1.59824 
1.59824 
1.59824 
1.59824 
1.59824 
1.59824 
1.59824 
1.59824 
1.59824 
1.59824 
1.59824 
1.59824 
1.59824 
1.59824 
1.59824 
1.59824 
1.59824 
1.59824 
1.59824 
1.59824 
1.59824 
1.59824 
1.59824 
1.59824 
1.59824 
1.59824 
1.59824 
1.59824 
1.59824 
1.59824 
1.59824 
1.59824 
1.59824 
1.59824 
1.59824 
1.59824 
1.59824 
1.59824 
1.59824 
1.59824 
1.59824 
1.59824 
1.59824 
1.59824 
1.59824 
1.59824 
1.59824 
1.59824 
1.59824 
1.59824 
1.59824 
1.59824 
1.59824 
1.59824 
1.59824 
1.59824 
1.59824 
1.59824 
1.59824 
1.59824 
1.59824 
1.59824 
1.59824 
1.59824 
1.59824 
1.59824 
1.59824 
1.59824 
1.59824 
1.59824 
1.59824 
1.59824 
1.59824 
1.59824 
1.59824 
1.59824 
1.59824 
1.59824 
1.59824 
1.59824 
1.59824 
1.59824 
1.59824 
1.59824 
1.59824 
1.59824 
1.59824 
1.59824 
1.59824 
1.59824 
1.59824 
1.59824 
1.59824 
1.59824 
1.59824 
1.59824 
1.59824 
1.59824 
1.59824 
1.59824 
1.59824 
1.59824 
1.59824 
1.59824 
1.59824 
1.59824 
1.59824 
1.59824 
1.59824 
1.59824 
1.59824 
1.59824 
1.59824 
1.59824 
1.59824 
1.59824 
1.59824 
1.59824 
1.59824 
1.59824 
1.59824 
1.59824 
1.59824 
1.59824 
1.59824 
1.59824 
1.59824 
1.59824 
1.59824 
1.59824 
1.59824 
1.59824 
1.59824 
1.59824 
1.59824 
1.59824 
1.59824 
1.59824 
1.59824 
1.59824 
1.59824 
1.59824 
1.59824 
1.59824 
1.59824 
1.59824 
1.59824 
1.59824 
1.59824 
1.59824 
1.59824 
1.59824 
1.59824 
1.59824 
1.59824 
1.59824 
1.59824 
1.59824 
1.59824 
1.59824 
1.59824 
1.59824 
1.59824 
1.59824 
1.59824 
1.59824 
1.59824 
1.59824 
1.59824 
1.59824 
1.59824 
1.59824 
1.59824 
1.59824 
1.59824 
1.59824 
1.59824 
1.59824 
1.59824 
1.59824 
1.59824 
1.59824 
1.59824 
1.59824 
1.59824 
1.59824 
1.59824 
1.59824 
1.59824 
1.59824 
1.59824 
1.59824 
1.59824 
1.59824 
1.59824 
1.59824 
1.59824 
1.59824 
1.59824 
1.59824 
1.59824 
1.59824 
1.59824 
1.59824 
1.59824 
1.59824 
1.59824 
1.59824 
1.59824 
1.59824 
1.59824 
1.59824 
1.59824 
1.59824 
1.59824 
1.59824 
1.59824 
1.59824 
1.59824 
1.59824 
1.59824 
1.59824 
1.59824 
1.59824 
1.59824 
1.59824 
1.59824 
1.59824 
1.59824 
1.59824 
1.59824 
1.59824 
1.59824 
1.59824 
1.59824 
1.59824 
1.59824 
1.59824 
1.59824 
1.59824 
1.59824 
1.59824 
1.59824 
1.59824 
1.59824 
1.59824 
1.59824 
1.59824 
1.59824 
1.59824 
1.59824 
1.59824 
1.59824 
1.59824 
1.59824 
1.59824 
1.59824 
1.59824 
1.59824 
1.59824 
1.59824 
1.59824 
1.59824 
1.59824 
1.59824 
1.59824 
1.59824 
1.59824 
1.59824 
1.59824 
1.59824 
1.59824 
1.59824 
1.59824 
1.59824 
1.59824 
1.59824 
1.59824 
1.59824 
1.59824 
1.59824 
1.59824 
1.59824 
1.59824 
1.59824 
1.59824 
1.59824 
1.59824 
1.59824 
1.59824 
1.59824 
1.59824 
1.59824 
1.59824 
1.59824 
1.59824 
1.59824 
1.59824 
1.59824 
1.59824 
1.59824 
1.59824 
1.59824 
1.59824 
1.59824 
1.59824 
1.59824 
1.59824 
1.59824 
1.59824 
1.59824 
1.59824 
1.59824 
1.59824 
1.59824 
1.59824 
1.59824 
1.59824 
1.59824 
1.59824 
1.59824 
1.59824 
1.59824 
1.59824 
1.59824 
1.59824 
1.59824 
1.59824 
1.59824 
1.59824 
1.59824 
1.59824 
1.59824 
1.59824 
1.59824 
1.59824 
1.59824 
1.59824 
1.59824 
1.59824 
1.59824 
1.59824 
1.59824 
1.59824 
1.59824 
1.59824 
1.59824 
1.59824 
1.59824 
1.59824 
1.59824 
1.59824 
1.59824 
1.59824 
1.59824 
1.59824 
1.59824 
1.59824 
1.59824 
1.59824 
1.59824 
1.59824 
1.59824 
1.59824 
1.59824 
1.59824 
1.59824 
1.59824 
1.59824 
1.59824 
1.59824 
1.59824 
1.59824 
1.59824 
1.59824 
1.59824 
1.59824 
1.59824 
1.59824 
1.59824 
1.59824 
1.59824 
1.59824 
1.59824 
1.59824 
1.59824 
1.59824 
1.59824 
1.59824 
1.59824 
1.59824 
1.59824 
1.59824 
1.59824 
1.59824 
1.59824 
1.59824 
1.59824 
1.59824 
1.59824 
1.59824 
1.59824 
1.59824 
1.59824 
1.59824 
1.59824 
1.59824 
1.59824 
1.59824 
1.59824 
1.59824 
1.59824 
1.59824 
1.59824 
1.59824 
1.59824 
1.59824 
1.59824 
1.59824 
1.59824 
1.59824 
1.59824 
1.59824 
1.59824 
1.59824 
1.59824 
1.59824 
1.59824 
1.59824 
1.59824 
1.59824 
1.59824 
1.59824 
1.59824 
1.59824 
1.59824 
1.59824 
1.59824 
1.59824 
1.59824 
1.59824 
1.59824 
1.59824 
1.59824 
1.59824 
1.59824 
1.59824 
1.59824 
1.59824 
1.59824 
1.59824 
1.59824 
1.59824 
1.59824 
1.59824 
1.59824 
1.59824 
1.59824 
1.59824 
1.59824 
1.59824 
1.59824 
1.59824 
1.59824 
1.59824 
1.59824 
1.59824 
1.59824 
1.59824 
1.59824 
1.59824 
1.59824 
1.59824 
1.59824 
1.59824 
1.59824 
1.59824 
1.59824 
1.59824 
1.59824 
1.59824 
1.59824 
1.59824 
1.59824 
1.59824 
1.59824 
1.59824 
1.59824 
1.59824 
1.59824 
1.59824 
1.59824 
1.59824 
1.59824 
1.59824 
1.59824 
1.59824 
1.59824 
1.59824 
1.59824 
1.59824 
1.59824 
1.59824 
1.59824 
1.59824 
1.59824 
1.59824 
1.59824 
1.59824 
1.59824 
1.59824 
1.59824 
1.59824 
1.59824 
1.59824 
1.59824 
1.59824 
1.59824 
1.59824 
1.59824 
1.59824 
1.59824 
1.59824 
1.59824 
1.59824 
1.59824 
1.59824 
1.59824 
1.59824 
1.59824 
1.59824 
1.59824 
1.59824 
1.59824 
1.59824 
1.59824 
1.59824 
1.59824 
1.59824 
1.59824 
1.59824 
1.59824 
1.59824 
1.59824 
1.59824 
1.59824 
1.59824 
1.59824 
1.59824 
1.59824 
1.59824 
1.59824 
1.59824 
1.59824 
1.59824 
1.59824 
1.59824 
1.59824 
1.59824 
1.59824 
1.59824 
1.59824 
1.59824 
1.59824 
1.59824 
1.59824 
1.59824 
1.59824 
1.59824 
1.59824 
1.59824 
1.59824 
1.59824 
1.59824 
1.59824 
1.59824 
1.59824 
1.59824 
1.59824 
1.59824 
1.59824 
1.59824 
1.59824 
1.59824 
1.59824 
1.59824 
1.59824 
1.59824 
1.59824 
1.59824 
1.59824 
1.59824 
1.59824 
1.59824 
1.59824 
1.59824 
1.59824 
1.59824 
1.59824 
1.59824 
1.59824 
1.59824 
1.59824 
1.59824 
1.59824 
1.59824 
1.59824 
1.59824 
1.59824 
1.59824 
1.59824 
1.59824 
1.59824 
1.59824 
1.59824 
1.59824 
1.59824 
1.59824 
1.59824 
1.59824 
1.59824 
1.59824 
1.59824 
1.59824 
1.59824 
1.59824 
1.59824 
1.59824 
1.59824 
1.59824 
1.59824 
1.59824 
1.59824 
1.59824 
1.59824 
1.59824 
1.59824 
1.59824 
1.59824 
1.59824 
1.59824 
1.59824 
1.59824 
1.59824 
1.59824 
1.59824 
1.59824 
1.59824 
1.59824 
1.59824 
1.59824 
1.59824 
1.59824 
1.59824 
1.59824 
1.59824 
1.59824 
1.59824 
1.59824 
1.59824 
1.59824 
1.59824 
1.59824 
1.59824 
1.59824 
1.59824 
1.59824 
1.59824 
1.59824 
1.59824 
1.59824 
1.59824 
1.59824 
1.59824 
1.59824 
1.59824 
1.59824 
1.59824 
1.59824 
1.59824 
1.59824 
1.59824 
1.59824 
1.59824 
1.59824 
1.59824 
1.59824 
1.59824 
1.59824 
1.59824 
1.59824 
1.59824 
1.59824 
1.59824 
1.59824 
1.59824 
1.59824 
1.59824 
1.59824 
1.59824 
1.59824 
1.59824 
1.59824 
1.59824 
1.59824 
1.59824 
1.59824 
1.59824 
1.59824 
1.59824 
1.59824 
1.59824 
1.59824 
1.59824 
1.59824 
1.59824 
1.59824 
1.59824 
1.59824 
1.59824 
1.59824 
1.59824 
1.59824 
1.59824 
1.59824 
1.59824 
1.59824 
1.59824 
1.59824 
1.59824 
1.59824 
1.59824 
1.59824 
1.59824 
1.59824 
1.59824 
1.59824 
1.59824 
1.59824 
1.59824 
1.59824 
1.59824 
1.59824 
1.59824 
1.59824 
1.59824 
1.59824 
1.59824 
1.59824 
1.59824 
1.59824 
1.59824 
1.59824 
1.59824 
1.59824 
1.59824 
1.59824 
1.59824 
1.59824 
1.59824 
1.59824 
1.59824 
1.59824 
1.59824 
1.59824 
1.59824 
1.59824 
1.59824 
1.59824 
1.59824 
1.59824 
1.59824 
1.59824 
1.59824 
1.59824 
1.59824 
1.59824 
1.59824 
1.59824 
1.59824 
1.59824 
1.59824 
1.59824 
1.59824 
1.59824 
1.59824 
1.59824 
1.59824 
1.59824 
1.59824 
1.59824 
1.59824 
1.59824 
1.59824 
1.59824 
1.59824 
1.59824 
1.59824 
1.59824 
1.59824 
1.59824 
1.59824 
1.59824 
1.59824 
1.59824 
1.59824 
1.59824 
1.59824 
1.59824 
1.59824 
1.59824 
1.59824 
1.59824 
1.59824 
1.59824 
1.59824 
1.59824 
1.59824 
1.59824 
1.59824 
1.59824 
1.59824 
1.59824 
1.59824 
1.59824 
1.59824 
1.59824 
1.59824 
1.59824 
1.59824 
1.59824 
1.59824 
1.59824 
1.59824 
1.59824 
1.59824 
1.59824 
1.59824 
1.59824 
1.59824 
1.59824 
1.59824 
1.59824 
1.59824 
1.59824 
1.59824 
1.59824 
1.59824 
1.59824 
1.59824 
1.59824 
1.59824 
1.59824 
1.59824 
1.59824 
1.59824 
1.59824 
1.59824 
1.59824 
1.59824 
1.59824 
1.59824 
1.59824 
1.59824 
1.59824 
1.59824 
1.59824 
1.59824 
1.59824 
1.59824 
1.59824 
1.59824 
1.59824 
1.59824 
1.59824 
1.59824 
1.59824 
1.59824 
1.59824 
1.59824 
1.59824 
1.59824 
1.59824 
1.59824 
1.59824 
1.59824 
1.59824 
1.59824 
1.59824 
1.59824 
1.59824 
1.59824 
1.59824 
1.59824 
1.59824 
1.59824 
1.59824 
1.59824 
1.59824 
1.59824 
1.59824 
1.59824 
1.59824 
1.59824 
1.59824 
1.59824 
1.59824 
1.59824 
1.59824 
1.59824 
1.59824 
1.59824 
1.59824 
1.59824 
1.59824 
1.59824 
1.59824 
1.59824 
1.59824 
1.59824 
1.59824 
1.59824 
1.59824 
1.59824 
1.59824 
1.59824 
1.59824 
1.59824 
1.59824 
1.59824 
1.59824 
1.59824 
1.59824 
1.59824 
1.59824 
1.59824 
1.59824 
1.59824 
1.59824 
1.59824 
1.59824 
1.59824 
1.59824 
1.59824 
1.59824 
1.59824 
1.59824 
1.59824 
1.59824 
1.59824 
1.59824 
1.59824 
1.59824 
1.59824 
1.59824 
1.59824 
1.59824 
1.59824 
1.59824 
1.59824 
1.59824 
1.59824 
1.59824 
1.59824 
1.59824 
1.59824 
1.59824 
1.59824 
1.59824 
1.59824 
1.59824 
1.59824 
1.59824 
1.59824 
1.59824 
1.59824 
1.59824 
1.59824 
1.59824 
1.59824 
1.59824 
1.59824 
1.59824 
1.59824 
1.59824 
1.59824 
1.59824 
1.59824 
1.59824 
1.59824 
1.59824 
1.59824 
1.59824 
1.59824 
1.59824 
1.59824 
1.59824 
1.59824 
1.59824 
1.59824 
1.59824 
1.59824 
1.59824 
1.59824 
1.59824 
1.59824 
1.59824 
1.59824 
1.59824 
1.59824 
1.59824 
1.59824 
1.59824 
1.59824 
1.59824 
1.59824 
1.59824 
1.59824 
1.59824 
1.59824 
1.59824 
1.59824 
1.59824 
1.59824 
1.59824 
1.59824 
1.59824 
1.59824 
1.59824 
1.59824 
1.59824 
1.59824 
1.59824 
1.59824 
1.59824 
1.59824 
1.59824 
1.59824 
1.59824 
1.59824 
1.59824 
1.59824 
1.59824 
1.59824 
1.59824 
1.59824 
1.59824 
1.59824 
1.59824 
1.59824 
1.59824 
1.59824 
1.59824 
1.59824 
1.59824 
1.59824 
1.59824 
1.59824 
1.59824 
1.59824 
1.59824 
1.59824 
1.59824 
1.59824 
1.59824 
1.59824 
1.59824 
1.59824 
1.59824 
1.59824 
1.59824 
1.59824 
1.59824 
1.59824 
1.59824 
1.59824 
1.59824 
1.59824 
1.59824 
1.59824 
1.59824 
1.59824 
1.59824 
1.59824 
1.59824 
1.59824 
1.59824 
1.59824 
1.59824 
1.59824 
1.59824 
1.59824 
1.59824 
1.59824 
1.59824 
1.59824 
1.59824 
1.59824 
1.59824 
1.59824 
1.59824 
1.59824 
1.59824 
1.59824 
1.59824 
1.59824 
1.59824 
1.59824 
1.59824 
1.59824 
1.59824 
1.59824 
1.59824 
1.59824 
1.59824 
1.59824 
1.59824 
1.59824 
1.59824 
1.59824 
1.59824 
1.59824 
1.59824 
1.59824 
1.59824 
1.59824 
1.59824 
1.59824 
1.59824 
1.59824 
1.59824 
1.59824 
1.59824 
1.59824 
1.59824 
1.59824 
1.59824 
1.59824 
1.59824 
1.59824 
1.59824 
1.59824 
1.59824 
1.59824 
1.59824 
1.59824 
1.59824 
1.59824 
1.59824 
1.59824 
1.59824 
1.59824 
1.59824 
1.59824 
1.59824 
1.59824 
1.59824 
1.59824 
1.59824 
1.59824 
1.59824 
1.59824 
1.59824 
1.59824 
1.59824 
1.59824 
1.59824 
1.59824 
1.59824 
1.59824 
1.59824 
1.59824 
1.59824 
1.59824 
1.59824 
1.59824 
1.59824 
1.59824 
1.59824 
1.59824 
1.59824 
1.59824 
1.59824 
1.59824 
1.59824 
1.59824 
1.59824 
1.59824 
1.59824 
1.59824 
1.59824 
1.59824 
1.59824 
1.59824 
1.59824 
1.59824 
1.59824 
1.59824 
1.59824 
1.59824 
1.59824 
1.59824 
1.59824 
1.59824 
1.59824 
1.59824 
1.59824 
1.59824 
1.59824 
1.59824 
1.59824 
1.59824 
1.59824 
1.59824 
1.59824 
1.59824 
1.59824 
1.59824 
1.59824 
1.59824 
1.59824 
1.59824 
1.59824 
1.59824 
1.59824 
1.59824 
1.59824 
1.59824 
1.59824 
1.59824 
1.59824 
1.59824 
1.59824 
1.59824 
1.59824 
1.59824 
1.59824 
1.59824 
1.59824 
1.59824 
1.59824 
1.59824 
1.59824 
1.59824 
1.59824 
1.59824 
1.59824 
1.59824 
1.59824 
1.59824 
1.59824 
1.59824 
1.59824 
1.59824 
1.59824 
1.59824 
1.59824 
1.59824 
1.59824 
1.59824 
1.59824 
1.59824 
1.59824 
1.59824 
1.59824 
1.59824 
1.59824 
1.59824 
1.59824 
1.59824 
1.59824 
1.59824 
1.59824 
1.59824 
1.59824 
1.59824 
1.59824 
1.59824 
1.59824 
1.59824 
1.59824 
1.59824 
1.59824 
1.59824 
1.59824 
1.59824 
1.59824 
1.59824 
1.59824 
1.59824 
1.59824 
1.59824 
1.59824 
1.59824 
1.59824 
1.59824 
1.59824 
1.59824 
1.59824 
1.59824 
1.59824 
1.59824 
1.59824 
1.59824 
1.59824 
1.59824 
1.59824 
1.59824 
1.59824 
1.59824 
1.59824 
1.59824 
1.59824 
1.59824 
1.59824 
1.59824 
1.59824 
1.59824 
1.59824 
1.59824 
1.59824 
1.59824 
1.59824 
1.59824 
1.59824 
1.59824 
1.59824 
1.59824 
1.59824 
1.59824 
1.59824 
1.59824 
1.59824 
1.59824 
1.59824 
1.59824 
1.59824 
1.59824 
1.59824 
1.59824 
1.59824 
1.59824 
1.59824 
1.59824 
1.59824 
1.59824 
1.59824 
1.59824 
1.59824 
1.59824 
1.59824 
1.59824 
1.59824 
1.59824 
1.59824 
1.59824 
1.59824 
1.59824 
1.59824 
1.59824 
1.59824 
1.59824 
1.59824 
1.59824 
1.59824 
1.59824 
1.59824 
1.59824 
1.59824 
1.59824 
1.59824 
1.59824 
1.59824 
1.59824 
1.59824 
1.59824 
1.59824 
1.59824 
1.59824 
1.59824 
1.59824 
1.59824 
1.59824 
1.59824 
1.59824 
1.59824 
1.59824 
1.59824 
1.59824 
1.59824 
1.59824 
1.59824 
1.59824 
1.59824 
1.59824 
1.59824 
1.59824 
1.59824 
1.59824 
1.59824 
1.59824 
1.59824 
1.59824 
1.59824 
1.59824 
1.59824 
1.59824 
1.59824 
1.59824 
1.59824 
1.59824 
1.59824 
1.59824 
1.59824 
1.59824 
1.59824 
1.59824 
1.59824 
1.59824 
1.59824 
1.59824 
1.59824 
1.59824 
1.59824 
1.59824 
1.59824 
1.59824 
1.59824 
1.59824 
1.59824 
1.59824 
1.59824 
1.59824 
1.59824 
1.59824 
1.59824 
1.59824 
1.59824 
1.59824 
1.59824 
1.59824 
1.59824 
1.59824 
1.59824 
1.59824 
1.59824 
1.59824 
1.59824 
1.59824 
1.59824 
1.59824 
1.59824 
1.59824 
1.59824 
1.59824 
1.59824 
1.59824 
1.59824 
1.59824 
1.59824 
1.59824 
1.59824 
1.59824 
1.59824 
1.59824 
1.59824 
1.59824 
1.59824 
1.59824 
1.59824 
1.59824 
1.59824 
1.59824 
1.59824 
1.59824 
1.59824 
1.59824 
1.59824 
1.59824 
1.59824 
1.59824 
1.59824 
1.59824 
1.59824 
1.59824 
1.59824 
1.59824 
1.59824 
1.59824 
1.59824 
1.59824 
1.59824 
1.59824 
1.59824 
1.59824 
1.59824 
1.59824 
1.59824 
1.59824 
1.59824 
1.59824 
1.59824 
1.59824 
1.59824 
1.59824 
1.59824 
1.59824 
1.59824 
1.59824 
1.59824 
1.59824 
1.59824 
1.59824 
1.59824 
1.59824 
1.59824 
1.59824 
1.59824 
1.59824 
1.59824 
1.59824 
1.59824 
1.59824 
1.59824 
1.59824 
1.59824 
1.59824 
1.59824 
1.59824 
1.59824 
1.59824 
1.59824 
1.59824 
1.59824 
1.59824 
1.59824 
1.59824 
1.59824 
1.59824 
1.59824 
1.59824 
1.59824 
1.59824 
1.59824 
1.59824 
1.59824 
1.59824 
1.59824 
1.59824 
1.59824 
1.59824 
1.59824 
1.59824 
1.59824 
1.59824 
1.59824 
1.59824 
1.59824 
1.59824 
1.59824 
1.59824 
1.59824 
1.59824 
1.59824 
1.59824 
1.59824 
1.59824 
1.59824 
1.59824 
1.59824 
1.59824 
1.59824 
1.59824 
1.59824 
1.59824 
1.59824 
1.59824 
1.59824 
1.59824 
1.59824 
1.59824 
1.59824 
1.59824 
1.59824 
1.59824 
1.59824 
1.59824 
1.59824 
1.59824 
1.59824 
1.59824 
1.59824 
1.59824 
1.59824 
1.59824 
1.59824 
1.59824 
1.59824 
1.59824 
1.59824 
1.59824 
1.59824 
1.59824 
1.59824 
1.59824 
1.59824 
1.59824 
1.59824 
1.59824 
1.59824 
1.59824 
1.59824 
1.59824 
1.59824 
1.59824 
1.59824 
1.59824 
1.59824 
1.59824 
1.59824 
1.59824 
1.59824 
1.59824 
1.59824 
1.59824 
1.59824 
1.59824 
1.59824 
1.59824 
1.59824 
1.59824 
1.59824 
1.59824 
1.59824 
1.59824 
1.59824 
1.59824 
1.59824 
1.59824 
1.59824 
1.59824 
1.59824 
1.59824 
1.59824 
1.59824 
1.59824 
1.59824 
1.59824 
1.59824 
1.59824 
1.59824 
1.59824 
1.59824 
1.59824 
1.59824 
1.59824 
1.59824 
1.59824 
1.59824 
1.59824 
1.59824 
1.59824 
1.59824 
1.59824 
1.59824 
1.59824 
1.59824 
1.59824 
1.59824 
1.59824 
1.59824 
1.59824 
1.59824 
1.59824 
1.59824 
1.59824 
1.59824 
1.59824 
1.59824 
1.59824 
1.59824 
1.59824 
1.59824 
1.59824 
1.59824 
1.59824 
1.59824 
1.59824 
1.59824 
1.59824 
1.59824 
1.59824 
1.59824 
1.59824 
1.59824 
1.59824 
1.59824 
1.59824 
1.59824 
1.59824 
1.59824 
1.59824 
1.59824 
1.59824 
1.59824 
1.59824 
1.59824 
1.59824 
1.59824 
1.59824 
1.59824 
1.59824 
1.59824 
1.59824 
1.59824 
1.59824 
1.59824 
1.59824 
1.59824 
1.59824 
1.59824 
1.59824 
1.59824 
1.59824 
1.59824 
1.59824 
1.59824 
1.59824 
1.59824 
1.59824 
1.59824 
1.59824 
1.59824 
1.59824 
1.59824 
1.59824 
1.59824 
1.59824 
1.59824 
1.59824 
1.59824 
1.59824 
1.59824 
1.59824 
1.59824 
1.59824 
1.59824 
1.59824 
1.59824 
1.59824 
1.59824 
1.59824 
1.59824 
1.59824 
1.59824 
1.59824 
1.59824 
1.59824 
1.59824 
1.59824 
1.59824 
1.59824 
1.59824 
1.59824 
1.59824 
1.59824 
1.59824 
1.59824 
1.59824 
1.59824 
1.59824 
1.59824 
1.59824 
1.59824 
1.59824 
1.59824 
1.59824 
1.59824 
1.59824 
1.59824 
1.59824 
1.59824 
1.59824 
1.59824 
1.59824 
1.59824 
1.59824 
1.59824 
1.59824 
1.59824 
1.59824 
1.59824 
1.59824 
1.59824 
1.59824 
1.59824 
1.59824 
1.59824 
1.59824 
1.59824 
1.59824 
1.59824 
1.59824 
1.59824 
1.59824 
1.59824 
1.59824 
1.59824 
1.59824 
1.59824 
1.59824 
1.59824 
1.59824 
1.59824 
1.59824 
1.59824 
1.59824 
1.59824 
1.59824 
1.59824 
1.59824 
1.59824 
1.59824 
1.59824 
1.59824 
1.59824 
1.59824 
1.59824 
1.59824 
1.59824 
1.59824 
1.59824 
1.59824 
1.59824 
1.59824 
1.59824 
1.59824 
1.59824 
1.59824 
1.59824 
1.59824 
1.59824 
1.59824 
1.59824 
1.59824 
1.59824 
1.59824 
1.59824 
1.59824 
1.59824 
1.59824 
1.59824 
1.59824 
1.59824 
1.59824 
1.59824 
1.59824 
1.59824 
1.59824 
1.59824 
1.59824 
1.59824 
1.59824 
1.59824 
1.59824 
1.59824 
1.59824 
1.59824 
1.59824 
1.59824 
1.59824 
1.59824 
1.59824 
1.59824 
1.59824 
1.59824 
1.59824 
1.59824 
1.59824 
1.59824 
1.59824 
1.59824 
1.59824 
1.59824 
1.59824 
1.59824 
1.59824 
1.59824 
1.59824 
1.59824 
1.59824 
1.59824 
1.59824 
1.59824 
1.59824 
1.59824 
1.59824 
1.59824 
1.59824 
1.59824 
1.59824 
1.59824 
1.59824 
1.59824 
1.59824 
1.59824 
1.59824 
1.59824 
1.59824 
1.59824 
1.59824 
1.59824 
1.59824 
1.59824 
1.59824 
1.59824 
1.59824 
1.59824 
1.59824 
1.59824 
1.59824 
1.59824 
1.59824 
1.59824 
1.59824 
1.59824 
1.59824 
1.59824 
1.59824 
1.59824 
1.59824 
1.59824 
1.59824 
1.59824 
1.59824 
1.59824 
1.59824 
1.59824 
1.59824 
1.59824 
1.59824 
1.59824 
1.59824 
1.59824 
1.59824 
1.59824 
1.59824 
1.59824 
1.59824 
1.59824 
1.59824 
1.59824 
1.59824 
1.59824 
1.59824 
1.59824 
1.59824 
1.59824 
1.59824 
1.59824 
1.59824 
1.59824 
1.59824 
1.59824 
1.59824 
1.59824 
1.59824 
1.59824 
1.59824 
1.59824 
1.59824 
1.59824 
1.59824 
1.59824 
1.59824 
1.59824 
1.59824 
1.59824 
1.59824 
1.59824 
1.59824 
1.59824 
1.59824 
1.59824 
1.59824 
1.59824 
1.59824 
1.59824 
1.59824 
1.59824 
1.59824 
1.59824 
1.59824 
1.59824 
1.59824 
1.59824 
1.59824 
1.59824 
1.59824 
1.59824 
1.59824 
1.59824 
1.59824 
1.59824 
1.59824 
1.59824 
1.59824 
1.59824 
1.59824 
1.59824 
1.59824 
1.59824 
1.59824 
1.59824 
1.59824 
1.59824 
1.59824 
1.59824 
1.59824 
1.59824 
1.59824 
1.59824 
1.59824 
1.59824 
1.59824 
1.59824 
1.59824 
1.59824 
1.59824 
1.59824 
1.59824 
1.59824 
1.59824 
1.59824 
1.59824 
1.59824 
1.59824 
1.59824 
1.59824 
1.59824 
1.59824 
1.59824 
1.59824 
1.59824 
1.59824 
1.59824 
1.59824 
1.59824 
1.59824 
1.59824 
1.59824 
1.59824 
1.59824 
1.59824 
1.59824 
1.59824 
1.59824 
1.59824 
1.59824 
1.59824 
1.59824 
1.59824 
1.59824 
1.59824 
1.59824 
1.59824 
1.59824 
1.59824 
1.59824 
1.59824 
1.59824 
1.59824 
1.59824 
1.59824 
1.59824 
1.59824 
1.59824 
1.59824 
1.59824 
1.59824 
1.59824 
1.59824 
1.59824 
1.59824 
1.59824 
1.59824 
1.59824 
1.59824 
1.59824 
1.59824 
1.59824 
1.59824 
1.59824 
1.59824 
1.59824 
1.59824 
1.59824 
1.59824 
1.59824 
1.59824 
1.59824 
1.59824 
1.59824 
1.59824 
1.59824 
1.59824 
1.59824 
1.59824 
1.59824 
1.59824 
1.59824 
1.59824 
1.59824 
1.59824 
1.59824 
1.59824 
1.59824 
1.59824 
1.59824 
1.59824 
1.59824 
1.59824 
1.59824 
1.59824 
1.59824 
1.59824 
1.59824 
1.59824 
1.59824 
1.59824 
1.59824 
1.59824 
1.59824 
1.59824 
1.59824 
1.59824 
1.59824 
1.59824 
1.59824 
1.59824 
1.59824 
1.59824 
1.59824 
1.59824 
1.59824 
1.59824 
1.59824 
1.59824 
1.59824 
1.59824 
1.59824 
1.59824 
1.59824 
1.59824 
1.59824 
1.59824 
1.59824 
1.59824 
1.59824 
1.59824 
1.59824 
1.59824 
1.59824 
1.59824 
1.59824 
1.59824 
1.59824 
1.59824 
1.59824 
1.59824 
1.59824 
1.59824 
1.59824 
1.59824 
1.59824 
1.59824 
1.59824 
1.59824 
1.59824 
1.59824 
1.59824 
1.59824 
1.59824 
1.59824 
1.59824 
1.59824 
1.59824 
1.59824 
1.59824 
1.59824 
1.59824 
1.59824 
1.59824 
1.59824 
1.59824 
1.59824 
1.59824 
1.59824 
1.59824 
1.59824 
1.59824 
1.59824 
1.59824 
1.59824 
1.59824 
1.59824 
1.59824 
1.59824 
1.59824 
1.59824 
1.59824 
1.59824 
1.59824 
1.59824 
1.59824 
1.59824 
1.59824 
1.59824 
1.59824 
1.59824 
1.59824 
1.59824 
1.59824 
1.59824 
1.59824 
1.59824 
1.59824 
1.59824 
1.59824 
1.59824 
1.59824 
1.59824 
1.59824 
1.59824 
1.59824 
1.59824 
1.59824 
1.59824 
1.59824 
1.59824 
1.59824 
1.59824 
1.59824 
1.59824 
1.59824 
1.59824 
1.59824 
1.59824 
1.59824 
1.59824 
1.59824 
1.59824 
1.59824 
1.59824 
1.59824 
1.59824 
1.59824 
1.59824 
1.59824 
1.59824 
1.59824 
1.59824 
1.59824 
1.59824 
1.59824 
1.59824 
1.59824 
1.59824 
1.59824 
1.59824 
1.59824 
1.59824 
1.59824 
1.59824 
1.59824 
1.59824 
1.59824 
1.59824 
1.59824 
1.59824 
1.59824 
1.59824 
1.59824 
1.59824 
1.59824 
1.59824 
1.59824 
1.59824 
1.59824 
1.59824 
1.59824 
1.59824 
1.59824 
1.59824 
1.59824 
1.59824 
1.59824 
1.59824 
1.59824 
1.59824 
1.59824 
1.59824 
1.59824 
1.59824 
1.59824 
1.59824 
1.59824 
1.59824 
1.59824 
1.59824 
1.59824 
1.59824 
1.59824 
1.59824 
1.59824 
1.59824 
1.59824 
1.59824 
1.59824 
1.59824 
1.59824 
1.59824 
1.59824 
1.59824 
1.59824 
1.59824 
1.59824 
1.59824 
1.59824 
1.59824 
1.59824 
1.59824 
1.59824 
1.59824 
1.59824 
1.59824 
1.59824 
1.59824 
1.59824 
1.59824 
1.59824 
1.59824 
1.59824 
1.59824 
1.59824 
1.59824 
1.59824 
1.59824 
1.59824 
1.59824 
1.59824 
1.59824 
1.59824 
1.59824 
1.59824 
1.59824 
1.59824 
1.59824 
1.59824 
1.59824 
1.59824 
1.59824 
1.59824 
1.59824 
1.59824 
1.59824 
1.59824 
1.59824 
1.59824 
1.59824 
1.59824 
1.59824 
1.59824 
1.59824 
1.59824 
1.59824 
1.59824 
1.59824 
1.59824 
1.59824 
1.59824 
1.59824 
1.59824 
1.59824 
1.59824 
1.59824 
1.59824 
1.59824 
1.59824 
1.59824 
1.59824 
1.59824 
1.59824 
1.59824 
1.59824 
1.59824 
1.59824 
1.59824 
1.59824 
1.59824 
1.59824 
1.59824 
1.59824 
1.59824 
1.59824 
1.59824 
1.59824 
1.59824 
1.59824 
1.59824 
1.59824 
1.59824 
1.59824 
1.59824 
1.59824 
1.59824 
1.59824 
1.59824 
1.59824 
1.59824 
1.59824 
1.59824 
1.59824 
1.59824 
1.59824 
1.59824 
1.59824 
1.59824 
1.59824 
1.59824 
1.59824 
1.59824 
1.59824 
1.59824 
1.59824 
1.59824 
1.59824 
1.59824 
1.59824 
1.59824 
1.59824 
1.59824 
1.59824 
1.59824 
1.59824 
1.59824 
1.59824 
1.59824 
1.59824 
1.59824 
1.59824 
1.59824 
1.59824 
1.59824 
1.59824 
1.59824 
1.59824 
1.59824 
1.59824 
1.59824 
1.59824 
1.59824 
1.59824 
1.59824 
1.59824 
1.59824 
1.59824 
1.59824 
1.59824 
1.59824 
1.59824 
1.59824 
1.59824 
1.59824 
1.59824 
1.59824 
1.59824 
1.59824 
1.59824 
1.59824 
1.59824 
1.59824 
1.59824 
1.59824 
1.59824 
1.59824 
1.59824 
1.59824 
1.59824 
1.59824 
1.59824 
1.59824 
1.59824 
1.59824 
1.59824 
1.59824 
1.59824 
1.59824 
1.59824 
1.59824 
1.59824 
1.59824 
1.59824 
1.59824 
1.59824 
1.59824 
1.59824 
1.59824 
1.59824 
1.59824 
1.59824 
1.59824 
1.59824 
1.59824 
1.59824 
1.59824 
1.59824 
1.59824 
1.59824 
1.59824 
1.59824 
1.59824 
1.59824 
1.59824 
1.59824 
1.59824 
1.59824 
1.59824 
1.59824 
1.59824 
1.59824 
1.59824 
1.59824 
1.59824 
1.59824 
1.59824 
1.59824 
1.59824 
1.59824 
1.59824 
1.59824 
1.59824 
1.59824 
1.59824 
1.59824 
1.59824 
1.59824 
1.59824 
1.59824 
1.59824 
1.59824 
1.59824 
1.59824 
1.59824 
1.59824 
1.59824 
1.59824 
1.59824 
1.59824 
1.59824 
1.59824 
1.59824 
1.59824 
1.59824 
1.59824 
1.59824 
1.59824 
1.59824 
1.59824 
1.59824 
1.59824 
1.59824 
1.59824 
1.59824 
1.59824 
1.59824 
1.59824 
1.59824 
1.59824 
1.59824 
1.59824 
1.59824 
1.59824 
1.59824 
1.59824 
1.59824 
1.59824 
1.59824 
1.59824 
1.59824 
1.59824 
1.59824 
1.59824 
1.59824 
1.59824 
1.59824 
1.59824 
1.59824 
1.59824 
1.59824 
1.59824 
1.59824 
1.59824 
1.59824 
1.59824 
1.59824 
1.59824 
1.59824 
1.59824 
1.59824 
1.59824 
1.59824 
1.59824 
1.59824 
1.59824 
1.59824 
1.59824 
1.59824 
1.59824 
1.59824 
1.59824 
1.59824 
1.59824 
1.59824 
1.59824 
1.59824 
1.59824 
1.59824 
1.59824 
1.59824 
1.59824 
1.59824 
1.59824 
1.59824 
1.59824 
1.59824 
1.59824 
1.59824 
1.59824 
1.59824 
1.59824 
1.59824 
1.59824 
1.59824 
1.59824 
1.59824 
1.59824 
1.59824 
1.59824 
1.59824 
1.59824 
1.59824 
1.59824 
1.59824 
1.59824 
1.59824 
1.59824 
1.59824 
1.59824 
1.59824 
1.59824 
1.59824 
1.59824 
1.59824 
1.59824 
1.59824 
1.59824 
1.59824 
1.59824 
1.59824 
1.59824 
1.59824 
1.59824 
1.59824 
1.59824 
1.59824 
1.59824 
1.59824 
1.59824 
1.59824 
1.59824 
1.59824 
1.59824 
1.59824 
1.59824 
1.59824 
1.59824 
1.59824 
1.59824 
1.59824 
1.59824 
1.59824 
1.59824 
1.59824 
1.59824 
1.59824 
1.59824 
1.59824 
1.59824 
1.59824 
1.59824 
1.59824 
1.59824 
1.59824 
1.59824 
1.59824 
1.59824 
1.59824 
1.59824 
1.59824 
1.59824 
1.59824 
1.59824 
1.59824 
1.59824 
1.59824 
1.59824 
1.59824 
1.59824 
1.59824 
1.59824 
1.59824 
1.59824 
1.59824 
1.59824 
1.59824 
1.59824 
1.59824 
1.59824 
1.59824 
1.59824 
1.59824 
1.59824 
1.59824 
1.59824 
1.59824 
1.59824 
1.59824 
1.59824 
1.59824 
1.59824 
1.59824 
1.59824 
1.59824 
1.59824 
1.59824 
1.59824 
1.59824 
1.59824 
1.59824 
1.59824 
1.59824 
1.59824 
1.59824 
1.59824 
1.59824 
1.59824 
1.59824 
1.59824 
1.59824 
1.59824 
1.59824 
1.59824 
1.59824 
1.59824 
1.59824 
1.59824 
1.59824 
1.59824 
1.59824 
1.59824 
1.59824 
1.59824 
1.59824 
1.59824 
1.59824 
1.59824 
1.59824 
1.59824 
1.59824 
1.59824 
1.59824 
1.59824 
1.59824 
1.59824 
1.59824 
1.59824 
1.59824 
1.59824 
1.59824 
1.59824 
1.59824 
1.59824 
1.59824 
1.59824 
1.59824 
1.59824 
1.59824 
1.59824 
1.59824 
1.59824 
1.59824 
1.59824 
1.59824 
1.59824 
1.59824 
1.59824 
1.59824 
1.59824 
1.59824 
1.59824 
1.59824 
1.59824 
1.59824 
1.59824 
1.59824 
1.59824 
1.59824 
1.59824 
1.59824 
1.59824 
1.59824 
1.59824 
1.59824 
1.59824 
1.59824 
1.59824 
1.59824 
1.59824 
1.59824 
1.59824 
1.59824 
1.59824 
1.59824 
1.59824 
1.59824 
1.59824 
1.59824 
1.59824 
1.59824 
1.59824 
1.59824 
1.59824 
1.59824 
1.59824 
1.59824 
1.59824 
1.59824 
1.59824 
1.59824 
1.59824 
1.59824 
1.59824 
1.59824 
1.59824 
1.59824 
1.59824 
1.59824 
1.59824 
1.59824 
1.59824 
1.59824 
1.59824 
1.59824 
1.59824 
1.59824 
1.59824 
1.59824 
1.59824 
1.59824 
1.59824 
1.59824 
1.59824 
1.59824 
1.59824 
1.59824 
1.59824 
1.59824 
1.59824 
1.59824 
1.59824 
1.59824 
1.59824 
1.59824 
1.59824 
1.59824 
1.59824 
1.59824 
1.59824 
1.59824 
1.59824 
1.59824 
1.59824 
1.59824 
1.59824 
1.59824 
1.59824 
1.59824 
1.59824 
1.59824 
1.59824 
1.59824 
1.59824 
1.59824 
1.59824 
1.59824 
1.59824 
1.59824 
1.59824 
1.59824 
1.59824 
1.59824 
1.59824 
1.59824 
1.59824 
1.59824 
1.59824 
1.59824 
1.59824 
1.59824 
1.59824 
1.59824 
1.59824 
1.59824 
1.59824 
1.59824 
1.59824 
1.59824 
1.59824 
1.59824 
1.59824 
1.59824 
1.59824 
1.59824 
1.59824 
1.59824 
1.59824 
1.59824 
1.59824 
1.59824 
1.59824 
1.59824 
1.59824 
1.59824 
1.59824 
1.59824 
1.59824 
1.59824 
1.59824 
1.59824 
1.59824 
1.59824 
1.59824 
1.59824 
1.59824 
1.59824 
1.59824 
1.59824 
1.59824 
1.59824 
1.59824 
1.59824 
1.59824 
1.59824 
1.59824 
1.59824 
1.59824 
1.59824 
1.59824 
1.59824 
1.59824 
1.59824 
1.59824 
1.59824 
1.59824 
1.59824 
1.59824 
1.59824 
1.59824 
1.59824 
1.59824 
1.59824 
1.59824 
1.59824 
1.59824 
1.59824 
1.59824 
1.59824 
1.59824 
1.59824 
1.59824 
1.59824 
1.59824 
1.59824 
1.59824 
1.59824 
1.59824 
1.59824 
1.59824 
1.59824 
1.59824 
1.59824 
1.59824 
1.59824 
1.59824 
1.59824 
1.59824 
1.59824 
1.59824 
1.59824 
1.59824 
1.59824 
1.59824 
1.59824 
1.59824 
1.59824 
1.59824 
1.59824 
1.59824 
1.59824 
1.59824 
1.59824 
1.59824 
1.59824 
1.59824 
1.59824 
1.59824 
1.59824 
1.59824 
1.59824 
1.59824 
1.59824 
1.59824 
1.59824 
1.59824 
1.59824 
1.59824 
1.59824 
1.59824 
1.59824 
1.59824 
1.59824 
1.59824 
1.59824 
1.59824 
1.59824 
1.59824 
1.59824 
1.59824 
1.59824 
1.59824 
1.59824 
1.59824 
1.59824 
1.59824 
1.59824 
1.59824 
1.59824 
1.59824 
1.59824 
1.59824 
1.59824 
1.59824 
1.59824 
1.59824 
1.59824 
1.59824 
1.59824 
1.59824 
1.59824 
1.59824 
1.59824 
1.59824 
1.59824 
1.59824 
1.59824 
1.59824 
1.59824 
1.59824 
1.59824 
1.59824 
1.59824 
1.59824 
1.59824 
1.59824 
1.59824 
1.59824 
1.59824 
1.59824 
1.59824 
1.59824 
1.59824 
1.59824 
1.59824 
1.59824 
1.59824 
1.59824 
1.59824 
1.59824 
1.59824 
1.59824 
1.59824 
1.59824 
1.59824 
1.59824 
1.59824 
1.59824 
1.59824 
1.59824 
1.59824 
1.59824 
1.59824 
1.59824 
1.59824 
1.59824 
1.59824 
1.59824 
1.59824 
1.59824 
1.59824 
1.59824 
1.59824 
1.59824 
1.59824 
1.59824 
1.59824 
1.59824 
1.59824 
1.59824 
1.59824 
1.59824 
1.59824 
1.59824 
1.59824 
1.59824 
1.59824 
1.59824 
1.59824 
1.59824 
1.59824 
1.59824 
1.59824 
1.59824 
1.59824 
1.59824 
1.59824 
1.59824 
1.59824 
1.59824 
1.59824 
1.59824 
1.59824 
1.59824 
1.59824 
1.59824 
1.59824 
1.59824 
1.59824 
1.59824 
1.59824 
1.59824 
1.59824 
1.59824 
1.59824 
1.59824 
1.59824 
1.59824 
1.59824 
1.59824 
1.59824 
1.59824 
1.59824 
1.59824 
1.59824 
1.59824 
1.59824 
1.59824 
1.59824 
1.59824 
1.59824 
1.59824 
1.59824 
1.59824 
1.59824 
1.59824 
1.59824 
1.59824 
1.59824 
1.59824 
1.59824 
1.59824 
1.59824 
1.59824 
1.59824 
1.59824 
1.59824 
1.59824 
1.59824 
1.59824 
1.59824 
1.59824 
1.59824 
1.59824 
1.59824 
1.59824 
1.59824 
1.59824 
1.59824 
1.59824 
1.59824 
1.59824 
1.59824 
1.59824 
1.59824 
1.59824 
1.59824 
1.59824 
1.59824 
1.59824 
1.59824 
1.59824 
1.59824 
1.59824 
1.59824 
1.59824 
1.59824 
1.59824 
1.59824 
1.59824 
1.59824 
1.59824 
1.59824 
1.59824 
1.59824 
1.59824 
1.59824 
1.59824 
1.59824 
1.59824 
1.59824 
1.59824 
1.59824 
1.59824 
1.59824 
1.59824 
1.59824 
1.59824 
1.59824 
1.59824 
1.59824 
1.59824 
1.59824 
1.59824 
1.59824 
1.59824 
1.59824 
1.59824 
1.59824 
1.59824 
1.59824 
1.59824 
1.59824 
1.59824 
1.59824 
1.59824 
1.59824 
1.59824 
1.59824 
1.59824 
1.59824 
1.59824 
1.59824 
1.59824 
1.59824 
1.59824 
1.59824 
1.59824 
1.59824 
1.59824 
1.59824 
1.59824 
1.59824 
1.59824 
1.59824 
1.59824 
1.59824 
1.59824 
1.59824 
1.59824 
1.59824 
1.59824 
1.59824 
1.59824 
1.59824 
1.59824 
1.59824 
1.59824 
1.59824 
1.59824 
1.59824 
1.59824 
1.59824 
1.59824 
1.59824 
1.59824 
1.59824 
1.59824 
1.59824 
1.59824 
1.59824 
1.59824 
1.59824 
1.59824 
1.59824 
1.59824 
1.59824 
1.59824 
1.59824 
1.59824 
1.59824 
1.59824 
1.59824 
1.59824 
1.59824 
1.59824 
1.59824 
1.59824 
1.59824 
1.59824 
1.59824 
1.59824 
1.59824 
1.59824 
1.59824 
1.59824 
1.59824 
1.59824 
1.59824 
1.59824 
1.59824 
1.59824 
1.59824 
1.59824 
1.59824 
1.59824 
1.59824 
1.59824 
1.59824 
1.59824 
1.59824 
1.59824 
1.59824 
1.59824 
1.59824 
1.59824 
1.59824 
1.59824 
1.59824 
1.59824 
1.59824 
1.59824 
1.59824 
1.59824 
1.59824 
1.59824 
1.59824 
1.59824 
1.59824 
1.59824 
1.59824 
1.59824 
1.59824 
1.59824 
1.59824 
1.59824 
1.59824 
1.59824 
1.59824 
1.59824 
1.59824 
1.59824 
1.59824 
1.59824 
1.59824 
1.59824 
1.59824 
1.59824 
1.59824 
1.59824 
1.59824 
1.59824 
1.59824 
1.59824 
1.59824 
1.59824 
1.59824 
1.59824 
1.59824 
1.59824 
1.59824 
1.59824 
1.59824 
1.59824 
1.59824 
1.59824 
1.59824 
1.59824 
1.59824 
1.59824 
1.59824 
1.59824 
1.59824 
1.59824 
1.59824 
1.59824 
1.59824 
1.59824 
1.59824 
1.59824 
1.59824 
1.59824 
1.59824 
1.59824 
1.59824 
1.59824 
1.59824 
1.59824 
1.59824 
1.59824 
1.59824 
1.59824 
1.59824 
1.59824 
1.59824 
1.59824 
1.59824 
1.59824 
1.59824 
1.59824 
1.59824 
1.59824 
1.59824 
1.59824 
1.59824 
1.59824 
1.59824 
1.59824 
1.59824 
1.59824 
1.59824 
1.59824 
1.59824 
1.59824 
1.59824 
1.59824 
1.59824 
1.59824 
1.59824 
1.59824 
1.59824 
1.59824 
1.59824 
1.59824 
1.59824 
1.59824 
1.59824 
1.59824 
1.59824 
1.59824 
1.59824 
1.59824 
1.59824 
1.59824 
1.59824 
1.59824 
1.59824 
1.59824 
1.59824 
1.59824 
1.59824 
1.59824 
1.59824 
1.59824 
1.59824 
1.59824 
1.59824 
1.59824 
1.59824 
1.59824 
1.59824 
1.59824 
1.59824 
1.59824 
1.59824 
1.59824 
1.59824 
1.59824 
1.59824 
1.59824 
1.59824 
1.59824 
1.59824 
1.59824 
1.59824 
1.59824 
1.59824 
1.59824 
1.59824 
1.59824 
1.59824 
1.59824 
1.59824 
1.59824 
1.59824 
1.59824 
1.59824 
1.59824 
1.59824 
1.59824 
1.59824 
1.59824 
1.59824 
1.59824 
1.59824 
1.59824 
1.59824 
1.59824 
1.59824 
1.59824 
1.59824 
1.59824 
1.59824 
1.59824 
1.59824 
1.59824 
1.59824 
1.59824 
1.59824 
1.59824 
1.59824 
1.59824 
1.59824 
1.59824 
1.59824 
1.59824 
1.59824 
1.59824 
1.59824 
1.59824 
1.59824 
1.59824 
1.59824 
1.59824 
1.59824 
1.59824 
1.59824 
1.59824 
1.59824 
1.59824 
1.59824 
1.59824 
1.59824 
1.59824 
1.59824 
1.59824 
1.59824 
1.59824 
1.59824 
1.59824 
1.59824 
1.59824 
1.59824 
1.59824 
1.59824 
1.59824 
1.59824 
1.59824 
1.59824 
1.59824 
1.59824 
1.59824 
1.59824 
1.59824 
1.59824 
1.59824 
1.59824 
1.59824 
1.59824 
1.59824 
1.59824 
1.59824 
1.59824 
1.59824 
1.59824 
1.59824 
1.59824 
1.59824 
1.59824 
1.59824 
1.59824 
1.59824 
1.59824 
1.59824 
1.59824 
1.59824 
1.59824 
1.59824 
1.59824 
1.59824 
1.59824 
1.59824 
1.59824 
1.59824 
1.59824 
1.59824 
1.59824 
1.59824 
1.59824 
1.59824 
1.59824 
1.59824 
1.59824 
1.59824 
1.59824 
1.59824 
1.59824 
1.59824 
1.59824 
1.59824 
1.59824 
1.59824 
1.59824 
1.59824 
1.59824 
1.59824 
1.59824 
1.59824 
1.59824 
1.59824 
1.59824 
1.59824 
1.59824 
1.59824 
1.59824 
1.59824 
1.59824 
1.59824 
1.59824 
1.59824 
1.59824 
1.59824 
1.59824 
1.59824 
1.59824 
1.59824 
1.59824 
1.59824 
1.59824 
1.59824 
1.59824 
1.59824 
1.59824 
1.59824 
1.59824 
1.59824 
1.59824 
1.59824 
1.59824 
1.59824 
1.59824 
1.59824 
1.59824 
1.59824 
1.59824 
1.59824 
1.59824 
1.59824 
1.59824 
1.59824 
1.59824 
1.59824 
1.59824 
1.59824 
1.59824 
1.59824 
1.59824 
1.59824 
1.59824 
1.59824 
1.59824 
1.59824 
1.59824 
1.59824 
1.59824 
1.59824 
1.59824 
1.59824 
1.59824 
1.59824 
1.59824 
1.59824 
1.59824 
1.59824 
1.59824 
1.59824 
1.59824 
1.59824 
1.59824 
1.59824 
1.59824 
1.59824 
1.59824 
1.59824 
1.59824 
1.59824 
1.59824 
1.59824 
1.59824 
1.59824 
1.59824 
1.59824 
1.59824 
1.59824 
1.59824 
1.59824 
1.59824 
1.59824 
1.59824 
1.59824 
1.59824 
1.59824 
1.59824 
1.59824 
1.59824 
1.59824 
1.59824 
1.59824 
1.59824 
1.59824 
1.59824 
1.59824 
1.59824 
1.59824 
1.59824 
1.59824 
1.59824 
1.59824 
1.59824 
1.59824 
1.59824 
1.59824 
1.59824 
1.59824 
1.59824 
1.59824 
1.59824 
1.59824 
1.59824 
1.59824 
1.59824 
1.59824 
1.59824 
1.59824 
1.59824 
1.59824 
1.59824 
1.59824 
1.59824 
1.59824 
1.59824 
1.59824 
1.59824 
1.59824 
1.59824 
1.59824 
1.59824 
1.59824 
1.59824 
1.59824 
1.59824 
1.59824 
1.59824 
1.59824 
1.59824 
1.59824 
1.59824 
1.59824 
1.59824 
1.59824 
1.59824 
1.59824 
1.59824 
1.59824 
1.59824 
1.59824 
1.59824 
1.59824 
1.59824 
1.59824 
1.59824 
1.59824 
1.59824 
1.59824 
1.59824 
1.59824 
1.59824 
1.59824 
1.59824 
1.59824 
1.59824 
1.59824 
1.59824 
1.59824 
1.59824 
1.59824 
1.59824 
1.59824 
1.59824 
1.59824 
1.59824 
1.59824 
1.59824 
1.59824 
1.59824 
1.59824 
1.59824 
1.59824 
1.59824 
1.59824 
1.59824 
1.59824 
1.59824 
1.59824 
1.59824 
1.59824 
1.59824 
1.59824 
1.59824 
1.59824 
1.59824 
1.59824 
1.59824 
1.59824 
1.59824 
1.59824 
1.59824 
1.59824 
1.59824 
1.59824 
1.59824 
1.59824 
1.59824 
1.59824 
1.59824 
1.59824 
1.59824 
1.59824 
1.59824 
1.59824 
1.59824 
1.59824 
1.59824 
1.59824 
1.59824 
1.59824 
1.59824 
1.59824 
1.59824 
1.59824 
1.59824 
1.59824 
1.59824 
1.59824 
1.59824 
1.59824 
1.59824 
1.59824 
1.59824 
1.59824 
1.59824 
1.59824 
1.59824 
1.59824 
1.59824 
1.59824 
1.59824 
1.59824 
1.59824 
1.59824 
1.59824 
1.59824 
1.59824 
1.59824 
1.59824 
1.59824 
1.59824 
1.59824 
1.59824 
1.59824 
1.59824 
1.59824 
1.59824 
1.59824 
1.59824 
1.59824 
1.59824 
1.59824 
1.59824 
1.59824 
1.59824 
1.59824 
1.59824 
1.59824 
1.59824 
1.59824 
1.59824 
1.59824 
1.59824 
1.59824 
1.59824 
1.59824 
1.59824 
1.59824 
1.59824 
1.59824 
1.59824 
1.59824 
1.59824 
1.59824 
1.59824 
1.59824 
1.59824 
1.59824 
1.59824 
1.59824 
1.59824 
1.59824 
1.59824 
1.59824 
1.59824 
1.59824 
1.59824 
1.59824 
1.59824 
1.59824 
1.59824 
1.59824 
1.59824 
1.59824 
1.59824 
1.59824 
1.59824 
1.59824 
1.59824 
1.59824 
1.59824 
1.59824 
1.59824 
1.59824 
1.59824 
1.59824 
1.59824 
1.59824 
1.59824 
1.59824 
1.59824 
1.59824 
1.59824 
1.59824 
1.59824 
1.59824 
1.59824 
1.59824 
1.59824 
1.59824 
1.59824 
1.59824 
1.59824 
1.59824 
1.59824 
1.59824 
1.59824 
1.59824 
1.59824 
1.59824 
1.59824 
1.59824 
1.59824 
1.59824 
1.59824 
1.59824 
1.59824 
1.59824 
1.59824 
1.59824 
1.59824 
1.59824 
1.59824 
1.59824 
1.59824 
1.59824 
1.59824 
1.59824 
1.59824 
1.59824 
1.59824 
1.59824 
1.59824 
1.59824 
1.59824 
1.59824 
1.59824 
1.59824 
1.59824 
1.59824 
1.59824 
1.59824 
1.59824 
1.59824 
1.59824 
1.59824 
1.59824 
1.59824 
1.59824 
1.59824 
1.59824 
1.59824 
1.59824 
1.59824 
1.59824 
1.59824 
1.59824 
1.59824 
1.59824 
1.59824 
1.59824 
1.59824 
1.59824 
1.59824 
1.59824 
1.59824 
1.59824 
1.59824 
1.59824 
1.59824 
1.59824 
1.59824 
1.59824 
1.59824 
1.59824 
1.59824 
1.59824 
1.59824 
1.59824 
1.59824 
1.59824 
1.59824 
1.59824 
1.59824 
1.59824 
1.59824 
1.59824 
1.59824 
1.59824 
1.59824 
1.59824 
1.59824 
1.59824 
1.59824 
1.59824 
1.59824 
1.59824 
1.59824 
1.59824 
1.59824 
1.59824 
1.59824 
1.59824 
1.59824 
1.59824 
1.59824 
1.59824 
1.59824 
1.59824 
1.59824 
1.59824 
1.59824 
1.59824 
1.59824 
1.59824 
1.59824 
1.59824 
1.59824 
1.59824 
1.59824 
1.59824 
1.59824 
1.59824 
1.59824 
1.59824 
1.59824 
1.59824 
1.59824 
1.59824 
1.59824 
1.59824 
1.59824 
1.59824 
1.59824 
1.59824 
1.59824 
1.59824 
1.59824 
1.59824 
1.59824 
1.59824 
1.59824 
1.59824 
1.59824 
1.59824 
1.59824 
1.59824 
1.59824 
1.59824 
1.59824 
1.59824 
1.59824 
1.59824 
1.59824 
1.59824 
1.59824 
1.59824 
1.59824 
1.59824 
1.59824 
1.59824 
1.59824 
1.59824 
1.59824 
1.59824 
1.59824 
1.59824 
1.59824 
1.59824 
1.59824 
1.59824 
1.59824 
1.59824 
1.59824 
1.59824 
1.59824 
1.59824 
1.59824 
1.59824 
1.59824 
1.59824 
1.59824 
1.59824 
1.59824 
1.59824 
1.59824 
1.59824 
1.59824 
1.59824 
1.59824 
1.59824 
1.59824 
1.59824 
1.59824 
1.59824 
1.59824 
1.59824 
1.59824 
1.59824 
1.59824 
1.59824 
1.59824 
1.59824 
1.59824 
1.59824 
1.59824 
1.59824 
1.59824 
1.59824 
1.59824 
1.59824 
1.59824 
1.59824 
1.59824 
1.59824 
1.59824 
1.59824 
1.59824 
1.59824 
1.59824 
1.59824 
1.59824 
1.59824 
1.59824 
1.59824 
1.59824 
1.59824 
1.59824 
1.59824 
1.59824 
1.59824 
1.59824 
1.59824 
1.59824 
1.59824 
1.59824 
1.59824 
1.59824 
1.59824 
1.59824 
1.59824 
1.59824 
1.59824 
1.59824 
1.59824 
1.59824 
1.59824 
1.59824 
1.59824 
1.59824 
1.59824 
1.59824 
1.59824 
1.59824 
1.59824 
1.59824 
1.59824 
1.59824 
1.59824 
1.59824 
1.59824 
1.59824 
1.59824 
1.59824 
1.59824 
1.59824 
1.59824 
1.59824 
1.59824 
1.59824 
1.59824 
1.59824 
1.59824 
1.59824 
1.59824 
1.59824 
1.59824 
1.59824 
1.59824 
1.59824 
1.59824 
1.59824 
1.59824 
1.59824 
1.59824 
1.59824 
1.59824 
1.59824 
1.59824 
1.59824 
1.59824 
1.59824 
1.59824 
1.59824 
1.59824 
1.59824 
1.59824 
1.59824 
1.59824 
1.59824 
1.59824 
1.59824 
1.59824 
1.59824 
1.59824 
1.59824 
1.59824 
1.59824 
1.59824 
1.59824 
1.59824 
1.59824 
1.59824 
1.59824 
1.59824 
1.59824 
1.59824 
1.59824 
1.59824 
1.59824 
1.59824 
1.59824 
1.59824 
1.59824 
1.59824 
1.59824 
1.59824 
1.59824 
1.59824 
1.59824 
1.59824 
1.59824 
1.59824 
1.59824 
1.59824 
1.59824 
1.59824 
1.59824 
1.59824 
1.59824 
1.59824 
1.59824 
1.59824 
1.59824 
1.59824 
1.59824 
1.59824 
1.59824 
1.59824 
1.59824 
1.59824 
1.59824 
1.59824 
1.59824 
1.59824 
1.59824 
1.59824 
1.59824 
1.59824 
1.59824 
1.59824 
1.59824 
1.59824 
1.59824 
1.59824 
1.59824 
1.59824 
1.59824 
1.59824 
1.59824 
1.59824 
1.59824 
1.59824 
1.59824 
1.59824 
1.59824 
1.59824 
1.59824 
1.59824 
1.59824 
1.59824 
1.59824 
1.59824 
1.59824 
1.59824 
1.59824 
1.59824 
1.59824 
1.59824 
1.59824 
1.59824 
1.59824 
1.59824 
1.59824 
1.59824 
1.59824 
1.59824 
1.59824 
1.59824 
1.59824 
1.59824 
1.59824 
1.59824 
1.59824 
1.59824 
1.59824 
1.59824 
1.59824 
1.59824 
1.59824 
1.59824 
1.59824 
1.59824 
1.59824 
1.59824 
1.59824 
1.59824 
1.59824 
1.59824 
1.59824 
1.59824 
1.59824 
1.59824 
1.59824 
1.59824 
1.59824 
1.59824 
1.59824 
1.59824 
1.59824 
1.59824 
1.59824 
1.59824 
1.59824 
1.59824 
1.59824 
1.59824 
1.59824 
1.59824 
1.59824 
1.59824 
1.59824 
1.59824 
1.59824 
1.59824 
1.59824 
1.59824 
1.59824 
1.59824 
1.59824 
1.59824 
1.59824 
1.59824 
1.59824 
1.59824 
1.59824 
1.59824 
1.59824 
1.59824 
1.59824 
1.59824 
1.59824 
1.59824 
1.59824 
1.59824 
1.59824 
1.59824 
1.59824 
1.59824 
1.59824 
1.59824 
1.59824 
1.59824 
1.59824 
1.59824 
1.59824 
1.59824 
1.59824 
1.59824 
1.59824 
1.59824 
1.59824 
1.59824 
1.59824 
1.59824 
1.59824 
1.59824 
1.59824 
1.59824 
1.59824 
1.59824 
1.59824 
1.59824 
1.59824 
1.59824 
1.59824 
1.59824 
1.59824 
1.59824 
1.59824 
1.59824 
1.59824 
1.59824 
1.59824 
1.59824 
1.59824 
1.59824 
1.59824 
1.59824 
1.59824 
1.59824 
1.59824 
1.59824 
1.59824 
1.59824 
1.59824 
1.59824 
1.59824 
1.59824 
1.59824 
1.59824 
1.59824 
1.59824 
1.59824 
1.59824 
1.59824 
1.59824 
1.59824 
1.59824 
1.59824 
1.59824 
1.59824 
1.59824 
1.59824 
1.59824 
1.59824 
1.59824 
1.59824 
1.59824 
1.59824 
1.59824 
1.59824 
1.59824 
1.59824 
1.59824 
1.59824 
1.59824 
1.59824 
1.59824 
1.59824 
1.59824 
1.59824 
1.59824 
1.59824 
1.59824 
1.59824 
1.59824 
1.59824 
1.59824 
1.59824 
1.59824 
1.59824 
1.59824 
1.59824 
1.59824 
1.59824 
1.59824 
1.59824 
1.59824 
1.59824 
1.59824 
1.59824 
1.59824 
1.59824 
1.59824 
1.59824 
1.59824 
1.59824 
1.59824 
1.59824 
1.59824 
1.59824 
1.59824 
1.59824 
1.59824 
1.59824 
1.59824 
1.59824 
1.59824 
1.59824 
1.59824 
1.59824 
1.59824 
1.59824 
1.59824 
1.59824 
1.59824 
1.59824 
1.59824 
1.59824 
1.59824 
1.59824 
1.59824 
1.59824 
1.59824 
1.59824 
1.59824 
1.59824 
1.59824 
1.59824 
1.59824 
1.59824 
1.59824 
1.59824 
1.59824 
1.59824 
1.59824 
1.59824 
1.59824 
1.59824 
1.59824 
1.59824 
1.59824 
1.59824 
1.59824 
1.59824 
1.59824 
1.59824 
1.59824 
1.59824 
1.59824 
1.59824 
1.59824 
1.59824 
1.59824 
1.59824 
1.59824 
1.59824 
1.59824 
1.59824 
1.59824 
1.59824 
1.59824 
1.59824 
1.59824 
1.59824 
1.59824 
1.59824 
1.59824 
1.59824 
1.59824 
1.59824 
1.59824 
1.59824 
1.59824 
1.59824 
1.59824 
1.59824 
1.59824 
1.59824 
1.59824 
1.59824 
1.59824 
1.59824 
1.59824 
1.59824 
1.59824 
1.59824 
1.59824 
1.59824 
1.59824 
1.59824 
1.59824 
1.59824 
1.59824 
1.59824 
1.59824 
1.59824 
1.59824 
1.59824 
1.59824 
1.59824 
1.59824 
1.59824 
1.59824 
1.59824 
1.59824 
1.59824 
1.59824 
1.59824 
1.59824 
1.59824 
1.59824 
1.59824 
1.59824 
1.59824 
1.59824 
1.59824 
1.59824 
1.59824 
1.59824 
1.59824 
1.59824 
1.59824 
1.59824 
1.59824 
1.59824 
1.59824 
1.59824 
1.59824 
1.59824 
1.59824 
1.59824 
1.59824 
1.59824 
1.59824 
1.59824 
1.59824 
1.59824 
1.59824 
1.59824 
1.59824 
1.59824 
1.59824 
1.59824 
1.59824 
1.59824 
1.59824 
1.59824 
1.59824 
1.59824 
1.59824 
1.59824 
1.59824 
1.59824 
1.59824 
1.59824 
1.59824 
1.59824 
1.59824 
1.59824 
1.59824 
1.59824 
1.59824 
1.59824 
1.59824 
1.59824 
1.59824 
1.59824 
1.59824 
1.59824 
1.59824 
1.59824 
1.59824 
1.59824 
1.59824 
1.59824 
1.59824 
1.59824 
1.59824 
1.59824 
1.59824 
1.59824 
1.59824 
1.59824 
1.59824 
1.59824 
1.59824 
1.59824 
1.59824 
1.59824 
1.59824 
1.59824 
1.59824 
1.59824 
1.59824 
1.59824 
1.59824 
1.59824 
1.59824 
1.59824 
1.59824 
1.59824 
1.59824 
1.59824 
1.59824 
1.59824 
1.59824 
1.59824 
1.59824 
1.59824 
1.59824 
1.59824 
1.59824 
1.59824 
1.59824 
1.59824 
1.59824 
1.59824 
1.59824 
1.59824 
1.59824 
1.59824 
1.59824 
1.59824 
1.59824 
1.59824 
1.59824 
1.59824 
1.59824 
1.59824 
1.59824 
1.59824 
1.59824 
1.59824 
1.59824 
1.59824 
1.59824 
1.59824 
1.59824 
1.59824 
1.59824 
1.59824 
1.59824 
1.59824 
1.59824 
1.59824 
1.59824 
1.59824 
1.59824 
1.59824 
1.59824 
1.59824 
1.59824 
1.59824 
1.59824 
1.59824 
1.59824 
1.59824 
1.59824 
1.59824 
1.59824 
1.59824 
1.59824 
1.59824 
1.59824 
1.59824 
1.59824 
1.59824 
1.59824 
1.59824 
1.59824 
1.59824 
1.59824 
1.59824 
1.59824 
1.59824 
1.59824 
1.59824 
1.59824 
1.59824 
1.59824 
1.59824 
1.59824 
1.59824 
1.59824 
1.59824 
1.59824 
1.59824 
1.59824 
1.59824 
1.59824 
1.59824 
1.59824 
1.59824 
1.59824 
1.59824 
1.59824 
1.59824 
1.59824 
1.59824 
1.59824 
1.59824 
1.59824 
1.59824 
1.59824 
1.59824 
1.59824 
1.59824 
1.59824 
1.59824 
1.59824 
1.59824 
1.59824 
1.59824 
1.59824 
1.59824 
1.59824 
1.59824 
1.59824 
1.59824 
1.59824 
1.59824 
1.59824 
1.59824 
1.59824 
1.59824 
1.59824 
1.59824 
1.59824 
1.59824 
1.59824 
1.59824 
1.59824 
1.59824 
1.59824 
1.59824 
1.59824 
1.59824 
1.59824 
1.59824 
1.59824 
1.59824 
1.59824 
1.59824 
1.59824 
1.59824 
1.59824 
1.59824 
1.59824 
1.59824 
1.59824 
1.59824 
1.59824 
1.59824 
1.59824 
1.59824 
1.59824 
1.59824 
1.59824 
1.59824 
1.59824 
1.59824 
1.59824 
1.59824 
1.59824 
1.59824 
1.59824 
1.59824 
1.59824 
1.59824 
1.59824 
1.59824 
1.59824 
1.59824 
1.59824 
1.59824 
1.59824 
1.59824 
1.59824 
1.59824 
1.59824 
1.59824 
1.59824 
1.59824 
1.59824 
1.59824 
1.59824 
1.59824 
1.59824 
1.59824 
1.59824 
1.59824 
1.59824 
1.59824 
1.59824 
1.59824 
1.59824 
1.59824 
1.59824 
1.59824 
1.59824 
1.59824 
1.59824 
1.59824 
1.59824 
1.59824 
1.59824 
1.59824 
1.59824 
1.59824 
1.59824 
1.59824 
1.59824 
1.59824 
1.59824 
1.59824 
1.59824 
1.59824 
1.59824 
1.59824 
1.59824 
1.59824 
1.59824 
1.59824 
1.59824 
1.59824 
1.59824 
1.59824 
1.59824 
1.59824 
1.59824 
1.59824 
1.59824 
1.59824 
1.59824 
1.59824 
1.59824 
1.59824 
1.59824 
1.59824 
1.59824 
1.59824 
1.59824 
1.59824 
1.59824 
1.59824 
1.59824 
1.59824 
1.59824 
1.59824 
1.59824 
1.59824 
1.59824 
1.59824 
1.59824 
1.59824 
1.59824 
1.59824 
1.59824 
1.59824 
1.59824 
1.59824 
1.59824 
1.59824 
1.59824 
1.59824 
1.59824 
1.59824 
1.59824 
1.59824 
1.59824 
1.59824 
1.59824 
1.59824 
1.59824 
1.59824 
1.59824 
1.59824 
1.59824 
1.59824 
1.59824 
1.59824 
1.59824 
1.59824 
1.59824 
1.59824 
1.59824 
1.59824 
1.59824 
1.59824 
1.59824 
1.59824 
1.59824 
1.59824 
1.59824 
1.59824 
1.59824 
1.59824 
1.59824 
1.59824 
1.59824 
1.59824 
1.59824 
1.59824 
1.59824 
1.59824 
1.59824 
1.59824 
1.59824 
1.59824 
1.59824 
1.59824 
1.59824 
1.59824 
1.59824 
1.59824 
1.59824 
1.59824 
1.59824 
1.59824 
1.59824 
1.59824 
1.59824 
1.59824 
1.59824 
1.59824 
1.59824 
1.59824 
1.59824 
1.59824 
1.59824 
1.59824 
1.59824 
1.59824 
1.59824 
1.59824 
1.59824 
1.59824 
1.59824 
1.59824 
1.59824 
1.59824 
1.59824 
1.59824 
1.59824 
1.59824 
1.59824 
1.59824 
1.59824 
1.59824 
1.59824 
1.59824 
1.59824 
1.59824 
1.59824 
1.59824 
1.59824 
1.59824 
1.59824 
1.59824 
1.59824 
1.59824 
1.59824 
1.59824 
1.59824 
1.59824 
1.59824 
1.59824 
1.59824 
1.59824 
1.59824 
1.59824 
1.59824 
1.59824 
1.59824 
1.59824 
1.59824 
1.59824 
1.59824 
1.59824 
1.59824 
1.59824 
1.59824 
1.59824 
1.59824 
1.59824 
1.59824 
1.59824 
1.59824 
1.59824 
1.59824 
1.59824 
1.59824 
1.59824 
1.59824 
1.59824 
1.59824 
1.59824 
1.59824 
1.59824 
1.59824 
1.59824 
1.59824 
1.59824 
1.59824 
1.59824 
1.59824 
1.59824 
1.59824 
1.59824 
1.59824 
1.59824 
1.59824 
1.59824 
1.59824 
1.59824 
1.59824 
1.59824 
1.59824 
1.59824 
1.59824 
1.59824 
1.59824 
1.59824 
1.59824 
1.59824 
1.59824 
1.59824 
1.59824 
1.59824 
1.59824 
1.59824 
1.59824 
1.59824 
1.59824 
1.59824 
1.59824 
1.59824 
1.59824 
1.59824 
1.59824 
1.59824 
1.59824 
1.59824 
1.59824 
1.59824 
1.59824 
1.59824 
1.59824 
1.59824 
1.59824 
1.59824 
1.59824 
1.59824 
1.59824 
1.59824 
1.59824 
1.59824 
1.59824 
1.59824 
1.59824 
1.59824 
1.59824 
1.59824 
1.59824 
1.59824 
1.59824 
1.59824 
1.59824 
1.59824 
1.59824 
1.59824 
1.59824 
1.59824 
1.59824 
1.59824 
1.59824 
1.59824 
1.59824 
1.59824 
1.59824 
1.59824 
1.59824 
1.59824 
1.59824 
1.59824 
1.59824 
1.59824 
1.59824 
1.59824 
1.59824 
1.59824 
1.59824 
1.59824 
1.59824 
1.59824 
1.59824 
1.59824 
1.59824 
1.59824 
1.59824 
1.59824 
1.59824 
1.59824 
1.59824 
1.59824 
1.59824 
1.59824 
1.59824 
1.59824 
1.59824 
1.59824 
1.59824 
1.59824 
1.59824 
1.59824 
1.59824 
1.59824 
1.59824 
1.59824 
1.59824 
1.59824 
1.59824 
1.59824 
1.59824 
1.59824 
1.59824 
1.59824 
1.59824 
1.59824 
1.59824 
1.59824 
1.59824 
1.59824 
1.59824 
1.59824 
1.59824 
1.59824 
1.59824 
1.59824 
1.59824 
1.59824 
1.59824 
1.59824 
1.59824 
1.59824 
1.59824 
1.59824 
1.59824 
1.59824 
1.59824 
1.59824 
1.59824 
1.59824 
1.59824 
1.59824 
1.59824 
1.59824 
1.59824 
1.59824 
1.59824 
1.59824 
1.59824 
1.59824 
1.59824 
1.59824 
1.59824 
1.59824 
1.59824 
1.59824 
1.59824 
1.59824 
1.59824 
1.59824 
1.59824 
1.59824 
1.59824 
1.59824 
1.59824 
1.59824 
1.59824 
1.59824 
1.59824 
1.59824 
1.59824 
1.59824 
1.59824 
1.59824 
1.59824 
1.59824 
1.59824 
1.59824 
1.59824 
1.59824 
1.59824 
1.59824 
1.59824 
1.59824 
1.59824 
1.59824 
1.59824 
1.59824 
1.59824 
1.59824 
1.59824 
1.59824 
1.59824 
1.59824 
1.59824 
1.59824 
1.59824 
1.59824 
1.59824 
1.59824 
1.59824 
1.59824 
1.59824 
1.59824 
1.59824 
1.59824 
1.59824 
1.59824 
1.59824 
1.59824 
1.59824 
1.59824 
1.59824 
1.59824 
1.59824 
1.59824 
1.59824 
1.59824 
1.59824 
1.59824 
1.59824 
1.59824 
1.59824 
1.59824 
1.59824 
1.59824 
1.59824 
1.59824 
1.59824 
1.59824 
1.59824 
1.59824 
1.59824 
1.59824 
1.59824 
1.59824 
1.59824 
1.59824 
1.59824 
1.59824 
1.59824 
1.59824 
1.59824 
1.59824 
1.59824 
1.59824 
1.59824 
1.59824 
1.59824 
1.59824 
1.59824 
1.59824 
1.59824 
1.59824 
1.59824 
1.59824 
1.59824 
1.59824 
1.59824 
1.59824 
1.59824 
1.59824 
1.59824 
1.59824 
1.59824 
1.59824 
1.59824 
1.59824 
1.59824 
1.59824 
1.59824 
1.59824 
1.59824 
1.59824 
1.59824 
1.59824 
1.59824 
1.59824 
1.59824 
1.59824 
1.59824 
1.59824 
1.59824 
1.59824 
1.59824 
1.59824 
1.59824 
1.59824 
1.59824 
1.59824 
1.59824 
1.59824 
1.59824 
1.59824 
1.59824 
1.59824 
1.59824 
1.59824 
1.59824 
1.59824 
1.59824 
1.59824 
1.59824 
1.59824 
1.59824 
1.59824 
1.59824 
1.59824 
1.59824 
1.59824 
1.59824 
1.59824 
1.59824 
1.59824 
1.59824 
1.59824 
1.59824 
1.59824 
1.59824 
1.59824 
1.59824 
1.59824 
1.59824 
1.59824 
1.59824 
1.59824 
1.59824 
1.59824 
1.59824 
1.59824 
1.59824 
1.59824 
1.59824 
1.59824 
1.59824 
1.59824 
1.59824 
1.59824 
1.59824 
1.59824 
1.59824 
1.59824 
1.59824 
1.59824 
1.59824 
1.59824 
1.59824 
1.59824 
1.59824 
1.59824 
1.59824 
1.59824 
1.59824 
1.59824 
1.59824 
1.59824 
1.59824 
1.59824 
1.59824 
1.59824 
1.59824 
1.59824 
1.59824 
1.59824 
1.59824 
1.59824 
1.59824 
1.59824 
1.59824 
1.59824 
1.59824 
1.59824 
1.59824 
1.59824 
1.59824 
1.59824 
1.59824 
1.59824 
1.59824 
1.59824 
1.59824 
1.59824 
1.59824 
1.59824 
1.59824 
1.59824 
1.59824 
1.59824 
1.59824 
1.59824 
1.59824 
1.59824 
1.59824 
1.59824 
1.59824 
1.59824 
1.59824 
1.59824 
1.59824 
1.59824 
1.59824 
1.59824 
1.59824 
1.59824 
1.59824 
1.59824 
1.59824 
1.59824 
1.59824 
1.59824 
1.59824 
1.59824 
1.59824 
1.59824 
1.59824 
1.59824 
1.59824 
1.59824 
1.59824 
1.59824 
1.59824 
1.59824 
1.59824 
1.59824 
1.59824 
1.59824 
1.59824 
1.59824 
1.59824 
1.59824 
1.59824 
1.59824 
1.59824 
1.59824 
1.59824 
1.59824 
1.59824 
1.59824 
1.59824 
1.59824 
1.59824 
1.59824 
1.59824 
1.59824 
1.59824 
1.59824 
1.59824 
1.59824 
1.59824 
1.59824 
1.59824 
1.59824 
1.59824 
1.59824 
1.59824 
1.59824 
1.59824 
1.59824 
1.59824 
1.59824 
1.59824 
1.59824 
1.59824 
1.59824 
1.59824 
1.59824 
1.59824 
1.59824 
1.59824 
1.59824 
1.59824 
1.59824 
1.59824 
1.59824 
1.59824 
1.59824 
1.59824 
1.59824 
1.59824 
1.59824 
1.59824 
1.59824 
1.59824 
1.59824 
1.59824 
1.59824 
1.59824 
1.59824 
1.59824 
1.59824 
1.59824 
1.59824 
1.59824 
1.59824 
1.59824 
1.59824 
1.59824 
1.59824 
1.59824 
1.59824 
1.59824 
1.59824 
1.59824 
1.59824 
1.59824 
1.59824 
1.59824 
1.59824 
1.59824 
1.59824 
1.59824 
1.59824 
1.59824 
1.59824 
1.59824 
1.59824 
1.59824 
1.59824 
1.59824 
1.59824 
1.59824 
1.59824 
1.59824 
1.59824 
1.59824 
1.59824 
1.59824 
1.59824 
1.59824 
1.59824 
1.59824 
1.59824 
1.59824 
1.59824 
1.59824 
1.59824 
1.59824 
1.59824 
1.59824 
1.59824 
1.59824 
1.59824 
1.59824 
1.59824 
1.59824 
1.59824 
1.59824 
1.59824 
1.59824 
1.59824 
1.59824 
1.59824 
1.59824 
1.59824 
1.59824 
1.59824 
1.59824 
1.59824 
1.59824 
1.59824 
1.59824 
1.59824 
1.59824 
1.59824 
1.59824 
1.59824 
1.59824 
1.59824 
1.59824 
1.59824 
1.59824 
1.59824 
1.59824 
1.59824 
1.59824 
1.59824 
1.59824 
1.59824 
1.59824 
1.59824 
1.59824 
1.59824 
1.59824 
1.59824 
1.59824 
1.59824 
1.59824 
1.59824 
1.59824 
1.59824 
1.59824 
1.59824 
1.59824 
1.59824 
1.59824 
1.59824 
1.59824 
1.59824 
1.59824 
1.59824 
1.59824 
1.59824 
1.59824 
1.59824 
1.59824 
1.59824 
1.59824 
1.59824 
1.59824 
1.59824 
1.59824 
1.59824 
1.59824 
1.59824 
1.59824 
1.59824 
1.59824 
1.59824 
1.59824 
1.59824 
1.59824 
1.59824 
1.59824 
1.59824 
1.59824 
1.59824 
1.59824 
1.59824 
1.59824 
1.59824 
1.59824 
1.59824 
1.59824 
1.59824 
1.59824 
1.59824 
1.59824 
1.59824 
1.59824 
1.59824 
1.59824 
1.59824 
1.59824 
1.59824 
1.59824 
1.59824 
1.59824 
1.59824 
1.59824 
1.59824 
1.59824 
1.59824 
1.59824 
1.59824 
1.59824 
1.59824 
1.59824 
1.59824 
1.59824 
1.59824 
1.59824 
1.59824 
1.59824 
1.59824 
1.59824 
1.59824 
1.59824 
1.59824 
1.59824 
1.59824 
1.59824 
1.59824 
1.59824 
1.59824 
1.59824 
1.59824 
1.59824 
1.59824 
1.59824 
1.59824 
1.59824 
1.59824 
1.59824 
1.59824 
1.59824 
1.59824 
1.59824 
1.59824 
1.59824 
1.59824 
1.59824 
1.59824 
1.59824 
1.59824 
1.59824 
1.59824 
1.59824 
1.59824 
1.59824 
1.59824 
1.59824 
1.59824 
1.59824 
1.59824 
1.59824 
1.59824 
1.59824 
1.59824 
1.59824 
1.59824 
1.59824 
1.59824 
1.59824 
1.59824 
1.59824 
1.59824 
1.59824 
1.59824 
1.59824 
1.59824 
1.59824 
1.59824 
1.59824 
1.59824 
1.59824 
1.59824 
1.59824 
1.59824 
1.59824 
1.59824 
1.59824 
1.59824 
1.59824 
1.59824 
1.59824 
1.59824 
1.59824 
1.59824 
1.59824 
1.59824 
1.59824 
1.59824 
1.59824 
1.59824 
1.59824 
1.59824 
1.59824 
1.59824 
1.59824 
1.59824 
1.59824 
1.59824 
1.59824 
1.59824 
1.59824 
1.59824 
1.59824 
1.59824 
1.59824 
1.59824 
1.59824 
1.59824 
1.59824 
1.59824 
1.59824 
1.59824 
1.59824 
1.59824 
1.59824 
1.59824 
1.59824 
1.59824 
1.59824 
1.59824 
1.59824 
1.59824 
1.59824 
1.59824 
1.59824 
1.59824 
1.59824 
1.59824 
1.59824 
1.59824 
1.59824 
1.59824 
1.59824 
1.59824 
1.59824 
1.59824 
1.59824 
1.59824 
1.59824 
1.59824 
1.59824 
1.59824 
1.59824 
1.59824 
1.59824 
1.59824 
1.59824 
1.59824 
1.59824 
1.59824 
1.59824 
1.59824 
1.59824 
1.59824 
1.59824 
1.59824 
1.59824 
1.59824 
1.59824 
1.59824 
1.59824 
1.59824 
1.59824 
1.59824 
1.59824 
1.59824 
1.59824 
1.59824 
1.59824 
1.59824 
1.59824 
1.59824 
1.59824 
1.59824 
1.59824 
1.59824 
1.59824 
1.59824 
1.59824 
1.59824 
1.59824 
1.59824 
1.59824 
1.59824 
1.59824 
1.59824 
1.59824 
1.59824 
1.59824 
1.59824 
1.59824 
1.59824 
1.59824 
1.59824 
1.59824 
1.59824 
1.59824 
1.59824 
1.59824 
1.59824 
1.59824 
1.59824 
1.59824 
1.59824 
1.59824 
1.59824 
1.59824 
1.59824 
1.59824 
1.59824 
1.59824 
1.59824 
1.59824 
1.59824 
1.59824 
1.59824 
1.59824 
1.59824 
1.59824 
1.59824 
1.59824 
1.59824 
1.59824 
1.59824 
1.59824 
1.59824 
1.59824 
1.59824 
1.59824 
1.59824 
1.59824 
1.59824 
1.59824 
1.59824 
1.59824 
1.59824 
1.59824 
1.59824 
1.59824 
1.59824 
1.59824 
1.59824 
1.59824 
1.59824 
1.59824 
1.59824 
1.59824 
1.59824 
1.59824 
1.59824 
1.59824 
1.59824 
1.59824 
1.59824 
1.59824 
1.59824 
1.59824 
1.59824 
1.59824 
1.59824 
1.59824 
1.59824 
1.59824 
1.59824 
1.59824 
1.59824 
1.59824 
1.59824 
1.59824 
1.59824 
1.59824 
1.59824 
1.59824 
1.59824 
1.59824 
1.59824 
1.59824 
1.59824 
1.59824 
1.59824 
1.59824 
1.59824 
1.59824 
1.59824 
1.59824 
1.59824 
1.59824 
1.59824 
1.59824 
1.59824 
1.59824 
1.59824 
1.59824 
1.59824 
1.59824 
1.59824 
1.59824 
1.59824 
1.59824 
1.59824 
1.59824 
1.59824 
1.59824 
1.59824 
1.59824 
1.59824 
1.59824 
1.59824 
1.59824 
1.59824 
1.59824 
1.59824 
1.59824 
1.59824 
1.59824 
1.59824 
1.59824 
1.59824 
1.59824 
1.59824 
1.59824 
1.59824 
1.59824 
1.59824 
1.59824 
1.59824 
1.59824 
1.59824 
1.59824 
1.59824 
1.59824 
1.59824 
1.59824 
1.59824 
1.59824 
1.59824 
1.59824 
1.59824 
1.59824 
1.59824 
1.59824 
1.59824 
1.59824 
1.59824 
1.59824 
1.59824 
1.59824 
1.59824 
1.59824 
1.59824 
1.59824 
1.59824 
1.59824 
1.59824 
1.59824 
1.59824 
1.59824 
1.59824 
1.59824 
1.59824 
1.59824 
1.59824 
1.59824 
1.59824 
1.59824 
1.59824 
1.59824 
1.59824 
1.59824 
1.59824 
1.59824 
1.59824 
1.59824 
1.59824 
1.59824 
1.59824 
1.59824 
1.59824 
1.59824 
1.59824 
1.59824 
1.59824 
1.59824 
1.59824 
1.59824 
1.59824 
1.59824 
1.59824 
1.59824 
1.59824 
1.59824 
1.59824 
1.59824 
1.59824 
1.59824 
1.59824 
1.59824 
1.59824 
1.59824 
1.59824 
1.59824 
1.59824 
1.59824 
1.59824 
1.59824 
1.59824 
1.59824 
1.59824 
1.59824 
1.59824 
1.59824 
1.59824 
1.59824 
1.59824 
1.59824 
1.59824 
1.59824 
1.59824 
1.59824 
1.59824 
1.59824 
1.59824 
1.59824 
1.59824 
1.59824 
1.59824 
1.59824 
1.59824 
1.59824 
1.59824 
1.59824 
1.59824 
1.59824 
1.59824 
1.59824 
1.59824 
1.59824 
1.59824 
1.59824 
1.59824 
1.59824 
1.59824 
1.59824 
1.59824 
1.59824 
1.59824 
1.59824 
1.59824 
1.59824 
1.59824 
1.59824 
1.59824 
1.59824 
1.59824 
1.59824 
1.59824 
1.59824 
1.59824 
1.59824 
1.59824 
1.59824 
1.59824 
1.59824 
1.59824 
1.59824 
1.59824 
1.59824 
1.59824 
1.59824 
1.59824 
1.59824 
1.59824 
1.59824 
1.59824 
1.59824 
1.59824 
1.59824 
1.59824 
1.59824 
1.59824 
1.59824 
1.59824 
1.59824 
1.59824 
1.59824 
1.59824 
1.59824 
1.59824 
1.59824 
1.59824 
1.59824 
1.59824 
1.59824 
1.59824 
1.59824 
1.59824 
1.59824 
1.59824 
1.59824 
1.59824 
1.59824 
1.59824 
1.59824 
1.59824 
1.59824 
1.59824 
1.59824 
1.59824 
1.59824 
1.59824 
1.59824 
1.59824 
1.59824 
1.59824 
1.59824 
1.59824 
1.59824 
1.59824 
1.59824 
1.59824 
1.59824 
1.59824 
1.59824 
1.59824 
1.59824 
1.59824 
1.59824 
1.59824 
1.59824 
1.59824 
1.59824 
1.59824 
1.59824 
1.59824 
1.59824 
1.59824 
1.59824 
1.59824 
1.59824 
1.59824 
1.59824 
1.59824 
1.59824 
1.59824 
1.59824 
1.59824 
1.59824 
1.59824 
1.59824 
1.59824 
1.59824 
1.59824 
1.59824 
1.59824 
1.59824 
1.59824 
1.59824 
1.59824 
1.59824 
1.59824 
1.59824 
1.59824 
1.59824 
1.59824 
1.59824 
1.59824 
1.59824 
1.59824 
1.59824 
1.59824 
1.59824 
1.59824 
1.59824 
1.59824 
1.59824 
1.59824 
1.59824 
1.59824 
1.59824 
1.59824 
1.59824 
1.59824 
1.59824 
1.59824 
1.59824 
1.59824 
1.59824 
1.59824 
1.59824 
1.59824 
1.59824 
1.59824 
1.59824 
1.59824 
1.59824 
1.59824 
1.59824 
1.59824 
1.59824 
1.59824 
1.59824 
1.59824 
1.59824 
1.59824 
1.59824 
1.59824 
1.59824 
1.59824 
1.59824 
1.59824 
1.59824 
1.59824 
1.59824 
1.59824 
1.59824 
1.59824 
1.59824 
1.59824 
1.59824 
1.59824 
1.59824 
1.59824 
1.59824 
1.59824 
1.59824 
1.59824 
1.59824 
1.59824 
1.59824 
1.59824 
1.59824 
1.59824 
1.59824 
1.59824 
1.59824 
1.59824 
1.59824 
1.59824 
1.59824 
1.59824 
1.59824 
1.59824 
1.59824 
1.59824 
1.59824 
1.59824 
1.59824 
1.59824 
1.59824 
1.59824 
1.59824 
1.59824 
1.59824 
1.59824 
1.59824 
1.59824 
1.59824 
1.59824 
1.59824 
1.59824 
1.59824 
1.59824 
1.59824 
1.59824 
1.59824 
1.59824 
1.59824 
1.59824 
1.59824 
1.59824 
1.59824 
1.59824 
1.59824 
1.59824 
1.59824 
1.59824 
1.59824 
1.59824 
1.59824 
1.59824 
1.59824 
1.59824 
1.59824 
1.59824 
1.59824 
1.59824 
1.59824 
1.59824 
1.59824 
1.59824 
1.59824 
1.59824 
1.59824 
1.59824 
1.59824 
1.59824 
1.59824 
1.59824 
1.59824 
1.59824 
1.59824 
1.59824 
1.59824 
1.59824 
1.59824 
1.59824 
1.59824 
1.59824 
1.59824 
1.59824 
1.59824 
1.59824 
1.59824 
1.59824 
1.59824 
1.59824 
1.59824 
1.59824 
1.59824 
1.59824 
1.59824 
1.59824 
1.59824 
1.59824 
1.59824 
1.59824 
1.59824 
1.59824 
1.59824 
1.59824 
1.59824 
1.59824 
1.59824 
1.59824 
1.59824 
1.59824 
1.59824 
1.59824 
1.59824 
1.59824 
1.59824 
1.59824 
1.59824 
1.59824 
1.59824 
1.59824 
1.59824 
1.59824 
1.59824 
1.59824 
1.59824 
1.59824 
1.59824 
1.59824 
1.59824 
1.59824 
1.59824 
1.59824 
1.59824 
1.59824 
1.59824 
1.59824 
1.59824 
1.59824 
1.59824 
1.59824 
1.59824 
1.59824 
1.59824 
1.59824 
1.59824 
1.59824 
1.59824 
1.59824 
1.59824 
1.59824 
1.59824 
1.59824 
1.59824 
1.59824 
1.59824 
1.59824 
1.59824 
1.59824 
1.59824 
1.59824 
1.59824 
1.59824 
1.59824 
1.59824 
1.59824 
1.59824 
1.59824 
1.59824 
1.59824 
1.59824 
1.59824 
1.59824 
1.59824 
1.59824 
1.59824 
1.59824 
1.59824 
1.59824 
1.59824 
1.59824 
1.59824 
1.59824 
1.59824 
1.59824 
1.59824 
1.59824 
1.59824 
1.59824 
1.59824 
1.59824 
1.59824 
1.59824 
1.59824 
1.59824 
1.59824 
1.59824 
1.59824 
1.59824 
1.59824 
1.59824 
1.59824 
1.59824 
1.59824 
1.59824 
1.59824 
1.59824 
1.59824 
1.59824 
1.59824 
1.59824 
1.59824 
1.59824 
1.59824 
1.59824 
1.59824 
1.59824 
1.59824 
1.59824 
1.59824 
1.59824 
1.59824 
1.59824 
1.59824 
1.59824 
1.59824 
1.59824 
1.59824 
1.59824 
1.59824 
1.59824 
1.59824 
1.59824 
1.59824 
1.59824 
1.59824 
1.59824 
1.59824 
1.59824 
1.59824 
1.59824 
1.59824 
1.59824 
1.59824 
1.59824 
1.59824 
1.59824 
1.59824 
1.59824 
1.59824 
1.59824 
1.59824 
1.59824 
1.59824 
1.59824 
1.59824 
1.59824 
1.59824 
1.59824 
1.59824 
1.59824 
1.59824 
1.59824 
1.59824 
1.59824 
1.59824 
1.59824 
1.59824 
1.59824 
1.59824 
1.59824 
1.59824 
1.59824 
1.59824 
1.59824 
1.59824 
1.59824 
1.59824 
1.59824 
1.59824 
1.59824 
1.59824 
1.59824 
1.59824 
1.59824 
1.59824 
1.59824 
1.59824 
1.59824 
1.59824 
1.59824 
1.59824 
1.59824 
1.59824 
1.59824 
1.59824 
1.59824 
1.59824 
1.59824 
1.59824 
1.59824 
1.59824 
1.59824 
1.59824 
1.59824 
1.59824 
1.59824 
1.59824 
1.59824 
1.59824 
1.59824 
1.59824 
1.59824 
1.59824 
1.59824 
1.59824 
1.59824 
1.59824 
1.59824 
1.59824 
1.59824 
1.59824 
1.59824 
1.59824 
1.59824 
1.59824 
1.59824 
1.59824 
1.59824 
1.59824 
1.59824 
1.59824 
1.59824 
1.59824 
1.59824 
1.59824 
1.59824 
1.59824 
1.59824 
1.59824 
1.59824 
1.59824 
1.59824 
1.59824 
1.59824 
1.59824 
1.59824 
1.59824 
1.59824 
1.59824 
1.59824 
1.59824 
1.59824 
1.59824 
1.59824 
1.59824 
1.59824 
1.59824 
1.59824 
1.59824 
1.59824 
1.59824 
1.59824 
1.59824 
1.59824 
1.59824 
1.59824 
1.59824 
1.59824 
1.59824 
1.59824 
1.59824 
1.59824 
1.59824 
1.59824 
1.59824 
1.59824 
1.59824 
1.59824 
1.59824 
1.59824 
1.59824 
1.59824 
1.59824 
1.59824 
1.59824 
1.59824 
1.59824 
1.59824 
1.59824 
1.59824 
1.59824 
1.59824 
1.59824 
1.59824 
1.59824 
1.59824 
1.59824 
1.59824 
1.59824 
1.59824 
1.59824 
1.59824 
1.59824 
1.59824 
1.59824 
1.59824 
1.59824 
1.59824 
1.59824 
1.59824 
1.59824 
1.59824 
1.59824 
1.59824 
1.59824 
1.59824 
1.59824 
1.59824 
1.59824 
1.59824 
1.59824 
1.59824 
1.59824 
1.59824 
1.59824 
1.59824 
1.59824 
1.59824 
1.59824 
1.59824 
1.59824 
1.59824 
1.59824 
1.59824 
1.59824 
1.59824 
1.59824 
1.59824 
1.59824 
1.59824 
1.59824 
1.59824 
1.59824 
1.59824 
1.59824 
1.59824 
1.59824 
1.59824 
1.59824 
1.59824 
1.59824 
1.59824 
1.59824 
1.59824 
1.59824 
1.59824 
1.59824 
1.59824 
1.59824 
1.59824 
1.59824 
1.59824 
1.59824 
1.59824 
1.59824 
1.59824 
1.59824 
1.59824 
1.59824 
1.59824 
1.59824 
1.59824 
1.59824 
1.59824 
1.59824 
1.59824 
1.59824 
1.59824 
1.59824 
1.59824 
1.59824 
1.59824 
1.59824 
1.59824 
1.59824 
1.59824 
1.59824 
1.59824 
1.59824 
1.59824 
1.59824 
1.59824 
1.59824 
1.59824 
1.59824 
1.59824 
1.59824 
1.59824 
1.59824 
1.59824 
1.59824 
1.59824 
1.59824 
1.59824 
1.59824 
1.59824 
1.59824 
1.59824 
1.59824 
1.59824 
1.59824 
1.59824 
1.59824 
1.59824 
1.59824 
1.59824 
1.59824 
1.59824 
1.59824 
1.59824 
1.59824 
1.59824 
1.59824 
1.59824 
1.59824 
1.59824 
1.59824 
1.59824 
1.59824 
1.59824 
1.59824 
1.59824 
1.59824 
1.59824 
1.59824 
1.59824 
1.59824 
1.59824 
1.59824 
1.59824 
1.59824 
1.59824 
1.59824 
1.59824 
1.59824 
1.59824 
1.59824 
1.59824 
1.59824 
1.59824 
1.59824 
1.59824 
1.59824 
1.59824 
1.59824 
1.59824 
1.59824 
1.59824 
1.59824 
1.59824 
1.59824 
1.59824 
1.59824 
1.59824 
1.59824 
1.59824 
1.59824 
1.59824 
1.59824 
1.59824 
1.59824 
1.59824 
1.59824 
1.59824 
1.59824 
1.59824 
1.59824 
1.59824 
1.59824 
1.59824 
1.59824 
1.59824 
1.59824 
1.59824 
1.59824 
1.59824 
1.59824 
1.59824 
1.59824 
1.59824 
1.59824 
1.59824 
1.59824 
1.59824 
1.59824 
1.59824 
1.59824 
1.59824 
1.59824 
1.59824 
1.59824 
1.59824 
1.59824 
1.59824 
1.59824 
1.59824 
1.59824 
1.59824 
1.59824 
1.59824 
1.59824 
1.59824 
1.59824 
1.59824 
1.59824 
1.59824 
1.59824 
1.59824 
1.59824 
1.59824 
1.59824 
1.59824 
1.59824 
1.59824 
1.59824 
1.59824 
1.59824 
1.59824 
1.59824 
1.59824 
1.59824 
1.59824 
1.59824 
1.59824 
1.59824 
1.59824 
1.59824 
1.59824 
1.59824 
1.59824 
1.59824 
1.59824 
1.59824 
1.59824 
1.59824 
1.59824 
1.59824 
1.59824 
1.59824 
1.59824 
1.59824 
1.59824 
1.59824 
1.59824 
1.59824 
1.59824 
1.59824 
1.59824 
1.59824 
1.59824 
1.59824 
1.59824 
1.59824 
1.59824 
1.59824 
1.59824 
1.59824 
1.59824 
1.59824 
1.59824 
1.59824 
1.59824 
1.59824 
1.59824 
1.59824 
1.59824 
1.59824 
1.59824 
1.59824 
1.59824 
1.59824 
1.59824 
1.59824 
1.59824 
1.59824 
1.59824 
1.59824 
1.59824 
1.59824 
1.59824 
1.59824 
1.59824 
1.59824 
1.59824 
1.59824 
1.59824 
1.59824 
1.59824 
1.59824 
1.59824 
1.59824 
1.59824 
1.59824 
1.59824 
1.59824 
1.59824 
1.59824 
1.59824 
1.59824 
1.59824 
1.59824 
1.59824 
1.59824 
1.59824 
1.59824 
1.59824 
1.59824 
1.59824 
1.59824 
1.59824 
1.59824 
1.59824 
1.59824 
1.59824 
1.59824 
1.59824 
1.59824 
1.59824 
1.59824 
1.59824 
1.59824 
1.59824 
1.59824 
1.59824 
1.59824 
1.59824 
1.59824 
1.59824 
1.59824 
1.59824 
1.59824 
1.59824 
1.59824 
1.59824 
1.59824 
1.59824 
1.59824 
1.59824 
1.59824 
1.59824 
1.59824 
1.59824 
1.59824 
1.59824 
1.59824 
1.59824 
1.59824 
1.59824 
1.59824 
1.59824 
1.59824 
1.59824 
1.59824 
1.59824 
1.59824 
1.59824 
1.59824 
1.59824 
1.59824 
1.59824 
1.59824 
1.59824 
1.59824 
1.59824 
1.59824 
1.59824 
1.59824 
1.59824 
1.59824 
1.59824 
1.59824 
1.59824 
1.59824 
1.59824 
1.59824 
1.59824 
1.59824 
1.59824 
1.59824 
1.59824 
1.59824 
1.59824 
1.59824 
1.59824 
1.59824 
1.59824 
1.59824 
1.59824 
1.59824 
1.59824 
1.59824 
1.59824 
1.59824 
1.59824 
1.59824 
1.59824 
1.59824 
1.59824 
1.59824 
1.59824 
1.59824 
1.59824 
1.59824 
1.59824 
1.59824 
1.59824 
1.59824 
1.59824 
1.59824 
1.59824 
1.59824 
1.59824 
1.59824 
1.59824 
1.59824 
1.59824 
1.59824 
1.59824 
1.59824 
1.59824 
1.59824 
1.59824 
1.59824 
1.59824 
1.59824 
1.59824 
1.59824 
1.59824 
1.59824 
1.59824 
1.59824 
1.59824 
1.59824 
1.59824 
1.59824 
1.59824 
1.59824 
1.59824 
1.59824 
1.59824 
1.59824 
1.59824 
1.59824 
1.59824 
1.59824 
1.59824 
1.59824 
1.59824 
1.59824 
1.59824 
1.59824 
1.59824 
1.59824 
1.59824 
1.59824 
1.59824 
1.59824 
1.59824 
1.59824 
1.59824 
1.59824 
1.59824 
1.59824 
1.59824 
1.59824 
1.59824 
1.59824 
1.59824 
1.59824 
1.59824 
1.59824 
1.59824 
1.59824 
1.59824 
1.59824 
1.59824 
1.59824 
1.59824 
1.59824 
1.59824 
1.59824 
1.59824 
1.59824 
1.59824 
1.59824 
1.59824 
1.59824 
1.59824 
1.59824 
1.59824 
1.59824 
1.59824 
1.59824 
1.59824 
1.59824 
1.59824 
1.59824 
1.59824 
1.59824 
1.59824 
1.59824 
1.59824 
1.59824 
1.59824 
1.59824 
1.59824 
1.59824 
1.59824 
1.59824 
1.59824 
1.59824 
1.59824 
1.59824 
1.59824 
1.59824 
1.59824 
1.59824 
1.59824 
1.59824 
1.59824 
1.59824 
1.59824 
1.59824 
1.59824 
1.59824 
1.59824 
1.59824 
1.59824 
1.59824 
1.59824 
1.59824 
1.59824 
1.59824 
1.59824 
1.59824 
1.59824 
1.59824 
1.59824 
1.59824 
1.59824 
1.59824 
1.59824 
1.59824 
1.59824 
1.59824 
1.59824 
1.59824 
1.59824 
1.59824 
1.59824 
1.59824 
1.59824 
1.59824 
1.59824 
1.59824 
1.59824 
1.59824 
1.59824 
1.59824 
1.59824 
1.59824 
1.59824 
1.59824 
1.59824 
1.59824 
1.59824 
1.59824 
1.59824 
1.59824 
1.59824 
1.59824 
1.59824 
1.59824 
1.59824 
1.59824 
1.59824 
1.59824 
1.59824 
1.59824 
1.59824 
1.59824 
1.59824 
1.59824 
1.59824 
1.59824 
1.59824 
1.59824 
1.59824 
1.59824 
1.59824 
1.59824 
1.59824 
1.59824 
1.59824 
1.59824 
1.59824 
1.59824 
1.59824 
1.59824 
1.59824 
1.59824 
1.59824 
1.59824 
1.59824 
1.59824 
1.59824 
1.59824 
1.59824 
1.59824 
1.59824 
1.59824 
1.59824 
1.59824 
1.59824 
1.59824 
1.59824 
1.59824 
1.59824 
1.59824 
1.59824 
1.59824 
1.59824 
1.59824 
1.59824 
1.59824 
1.59824 
1.59824 
1.59824 
1.59824 
1.59824 
1.59824 
1.59824 
1.59824 
1.59824 
1.59824 
1.59824 
1.59824 
1.59824 
1.59824 
1.59824 
1.59824 
1.59824 
1.59824 
1.59824 
1.59824 
1.59824 
1.59824 
1.59824 
1.59824 
1.59824 
1.59824 
1.59824 
1.59824 
1.59824 
1.59824 
1.59824 
1.59824 
1.59824 
1.59824 
1.59824 
1.59824 
1.59824 
1.59824 
1.59824 
1.59824 
1.59824 
1.59824 
1.59824 
1.59824 
1.59824 
1.59824 
1.59824 
1.59824 
1.59824 
1.59824 
1.59824 
1.59824 
1.59824 
1.59824 
1.59824 
1.59824 
1.59824 
1.59824 
1.59824 
1.59824 
1.59824 
1.59824 
1.59824 
1.59824 
1.59824 
1.59824 
1.59824 
1.59824 
1.59824 
1.59824 
1.59824 
1.59824 
1.59824 
1.59824 
1.59824 
1.59824 
1.59824 
1.59824 
1.59824 
1.59824 
1.59824 
1.59824 
1.59824 
1.59824 
1.59824 
1.59824 
1.59824 
1.59824 
1.59824 
1.59824 
1.59824 
1.59824 
1.59824 
1.59824 
1.59824 
1.59824 
1.59824 
1.59824 
1.59824 
1.59824 
1.59824 
1.59824 
1.59824 
1.59824 
1.59824 
1.59824 
1.59824 
1.59824 
1.59824 
1.59824 
1.59824 
1.59824 
1.59824 
1.59824 
1.59824 
1.59824 
1.59824 
1.59824 
1.59824 
1.59824 
1.59824 
1.59824 
1.59824 
1.59824 
1.59824 
1.59824 
1.59824 
1.59824 
1.59824 
1.59824 
1.59824 
1.59824 
1.59824 
1.59824 
1.59824 
1.59824 
1.59824 
1.59824 
1.59824 
1.59824 
1.59824 
1.59824 
1.59824 
1.59824 
1.59824 
1.59824 
1.59824 
1.59824 
1.59824 
1.59824 
1.59824 
1.59824 
1.59824 
1.59824 
1.59824 
1.59824 
1.59824 
1.59824 
1.59824 
1.59824 
1.59824 
1.59824 
1.59824 
1.59824 
1.59824 
1.59824 
1.59824 
1.59824 
1.59824 
1.59824 
1.59824 
1.59824 
1.59824 
1.59824 
1.59824 
1.59824 
1.59824 
1.59824 
1.59824 
1.59824 
1.59824 
1.59824 
1.59824 
1.59824 
1.59824 
1.59824 
1.59824 
1.59824 
1.59824 
1.59824 
1.59824 
1.59824 
1.59824 
1.59824 
1.59824 
1.59824 
1.59824 
1.59824 
1.59824 
1.59824 
1.59824 
1.59824 
1.59824 
1.59824 
1.59824 
1.59824 
1.59824 
1.59824 
1.59824 
1.59824 
1.59824 
1.59824 
1.59824 
1.59824 
1.59824 
1.59824 
1.59824 
1.59824 
1.59824 
1.59824 
1.59824 
1.59824 
1.59824 
1.59824 
1.59824 
1.59824 
1.59824 
1.59824 
1.59824 
1.59824 
1.59824 
1.59824 
1.59824 
1.59824 
1.59824 
1.59824 
1.59824 
1.59824 
1.59824 
1.59824 
1.59824 
1.59824 
1.59824 
1.59824 
1.59824 
1.59824 
1.59824 
1.59824 
1.59824 
1.59824 
1.59824 
1.59824 
1.59824 
1.59824 
1.59824 
1.59824 
1.59824 
1.59824 
1.59824 
1.59824 
1.59824 
1.59824 
1.59824 
1.59824 
1.59824 
1.59824 
1.59824 
1.59824 
1.59824 
1.59824 
1.59824 
1.59824 
1.59824 
1.59824 
1.59824 
1.59824 
1.59824 
1.59824 
1.59824 
1.59824 
1.59824 
1.59824 
1.59824 
1.59824 
1.59824 
1.59824 
1.59824 
1.59824 
1.59824 
1.59824 
1.59824 
1.59824 
1.59824 
1.59824 
1.59824 
1.59824 
1.59824 
1.59824 
1.59824 
1.59824 
1.59824 
1.59824 
1.59824 
1.59824 
1.59824 
1.59824 
1.59824 
1.59824 
1.59824 
1.59824 
1.59824 
1.59824 
1.59824 
1.59824 
1.59824 
1.59824 
1.59824 
1.59824 
1.59824 
1.59824 
1.59824 
1.59824 
1.59824 
1.59824 
1.59824 
1.59824 
1.59824 
1.59824 
1.59824 
1.59824 
1.59824 
1.59824 
1.59824 
1.59824 
1.59824 
1.59824 
1.59824 
1.59824 
1.59824 
1.59824 
1.59824 
1.59824 
1.59824 
1.59824 
1.59824 
1.59824 
1.59824 
1.59824 
1.59824 
1.59824 
1.59824 
1.59824 
1.59824 
1.59824 
1.59824 
1.59824 
1.59824 
1.59824 
1.59824 
1.59824 
1.59824 
1.59824 
1.59824 
1.59824 
1.59824 
1.59824 
1.59824 
1.59824 
1.59824 
1.59824 
1.59824 
1.59824 
1.59824 
1.59824 
1.59824 
1.59824 
1.59824 
1.59824 
1.59824 
1.59824 
1.59824 
1.59824 
1.59824 
1.59824 
1.59824 
1.59824 
1.59824 
1.59824 
1.59824 
1.59824 
