-0.05999999866 
-0.0599928 
-0.0599858 
-0.0599788 
-0.0599718 
-0.059965 
-0.0599582 
-0.0599515 
-0.0599449 
-0.0599384 
-0.0599319 
-0.0599255 
-0.0599192 
-0.0599129 
-0.0599068 
-0.0599006 
-0.0598946 
-0.0598886 
-0.0598827 
-0.0598769 
-0.0598711 
-0.0598654 
-0.0598597 
-0.0598541 
-0.0598486 
-0.0598431 
-0.0598377 
-0.0598324 
-0.0598271 
-0.0598219 
-0.0598167 
-0.0598116 
-0.0598065 
-0.0598015 
-0.0597966 
-0.0597917 
-0.0597869 
-0.0597821 
-0.0597774 
-0.0597727 
-0.0597681 
-0.0597635 
-0.059759 
-0.0597545 
-0.0597501 
-0.0597458 
-0.0597414 
-0.0597372 
-0.0597329 
-0.0597288 
-0.0597246 
-0.0597206 
-0.0597165 
-0.0597125 
-0.0597086 
-0.0597047 
-0.0597008 
-0.059697 
-0.0596932 
-0.0596895 
-0.0596858 
-0.0596822 
-0.0596785 
-0.059675 
-0.0596714 
-0.059668 
-0.0596645 
-0.0596611 
-0.0596577 
-0.0596544 
-0.0596511 
-0.0596478 
-0.0596446 
-0.0596414 
-0.0596382 
-0.0596351 
-0.059632 
-0.059629 
-0.059626 
-0.059623 
-0.05962 
-0.0596171 
-0.0596142 
-0.0596114 
-0.0596086 
-0.0596058 
-0.059603 
-0.0596003 
-0.0595976 
-0.0595949 
-0.0595923 
-0.0595897 
-0.0595871 
-0.0595845 
-0.059582 
-0.0595795 
-0.0595771 
-0.0595746 
-0.0595722 
-0.0595698 
-0.0595675 
-0.0595651 
-0.0595628 
-0.0595606 
-0.0595583 
-0.0595561 
-0.0595539 
-0.0595517 
-0.0595495 
-0.0595474 
-0.0595453 
-0.0595432 
-0.0595411 
-0.0595391 
-0.0595371 
-0.0595351 
-0.0595331 
-0.0595312 
-0.0595293 
-0.0595273 
-0.0595255 
-0.0595236 
-0.0595218 
-0.0595199 
-0.0595181 
-0.0595163 
-0.0595146 
-0.0595128 
-0.0595111 
-0.0595094 
-0.0595077 
-0.0595061 
-0.0595044 
-0.0595028 
-0.0595012 
-0.0594996 
-0.059498 
-0.0594964 
-0.0594949 
-0.0594934 
-0.0594919 
-0.0594904 
-0.0594889 
-0.0594875 
-0.059486 
-0.0594846 
-0.0594832 
-0.0594818 
-0.0594804 
-0.059479 
-0.0594777 
-0.0594764 
-0.059475 
-0.0594737 
-0.0594725 
-0.0594712 
-0.0594699 
-0.0594687 
-0.0594674 
-0.0594662 
-0.059465 
-0.0594638 
-0.0594627 
-0.0594615 
-0.0594603 
-0.0594592 
-0.0594581 
-0.059457 
-0.0594559 
-0.0594548 
-0.0594537 
-0.0594526 
-0.0594516 
-0.0594505 
-0.0594495 
-0.0594485 
-0.0594475 
-0.0594465 
-0.0594455 
-0.0594445 
-0.0594436 
-0.0594426 
-0.0594417 
-0.0594407 
-0.0594398 
-0.0594389 
-0.059438 
-0.0594371 
-0.0594362 
-0.0594354 
-0.0594345 
-0.0594336 
-0.0594328 
-0.059432 
-0.0594311 
-0.0594303 
-0.0594295 
-0.0594287 
-0.0594279 
-0.0594272 
-0.0594264 
-0.0594256 
-0.0594249 
-0.0594241 
-0.0594234 
-0.0594227 
-0.059422 
-0.0594212 
-0.0594205 
-0.0594198 
-0.0594191 
-0.0594185 
-0.0594178 
-0.0594171 
-0.0594165 
-0.0594158 
-0.0594152 
-0.0594145 
-0.0594139 
-0.0594133 
-0.0594127 
-0.0594121 
-0.0594115 
-0.0594109 
-0.0594103 
-0.0594097 
-0.0594091 
-0.0594085 
-0.059408 
-0.0594074 
-0.0594069 
-0.0594063 
-0.0594058 
-0.0594053 
-0.0594047 
-0.0594042 
-0.0594037 
-0.0594032 
-0.0594027 
-0.0594022 
-0.0594017 
-0.0594012 
-0.0594007 
-0.0594003 
-0.0593998 
-0.0593993 
-0.0593989 
-0.0593984 
-0.059398 
-0.0593975 
-0.0593971 
-0.0593966 
-0.0593962 
-0.0593958 
-0.0593954 
-0.0593949 
-0.0593945 
-0.0593941 
-0.0593937 
-0.0593933 
-0.0593929 
-0.0593925 
-0.0593922 
-0.0593918 
-0.0593914 
-0.059391 
-0.0593907 
-0.0593903 
-0.0593899 
-0.0593896 
-0.0593892 
-0.0593889 
-0.0593885 
-0.0593882 
-0.0593879 
-0.0593875 
-0.0593872 
-0.0593869 
-0.0593865 
-0.0593862 
-0.0593859 
-0.0593856 
-0.0593853 
-0.059385 
-0.0593847 
-0.0593844 
-0.0593841 
-0.0593838 
-0.0593835 
-0.0593832 
-0.059383 
-0.0593827 
-0.0593824 
-0.0593821 
-0.0593819 
-0.0593816 
-0.0593813 
-0.0593811 
-0.0593808 
-0.0593806 
-0.0593803 
-0.0593801 
-0.0593798 
-0.0593796 
-0.0593793 
-0.0593791 
-0.0593788 
-0.0593786 
-0.0593784 
-0.0593782 
-0.0593779 
-0.0593777 
-0.0593775 
-0.0593773 
-0.0593771 
-0.0593768 
-0.0593766 
-0.0593764 
-0.0593762 
-0.059376 
-0.0593758 
-0.0593756 
-0.0593754 
-0.0593752 
-0.059375 
-0.0593748 
-0.0593747 
-0.0593745 
-0.0593743 
-0.0593741 
-0.0593739 
-0.0593737 
-0.0593736 
-0.0593734 
-0.0593732 
-0.0593731 
-0.0593729 
-0.0593727 
-0.0593726 
-0.0593724 
-0.0593722 
-0.0593721 
-0.0593719 
-0.0593718 
-0.0593716 
-0.0593715 
-0.0593713 
-0.0593712 
-0.059371 
-0.0593709 
-0.0593707 
-0.0593706 
-0.0593704 
-0.0593703 
-0.0593702 
-0.05937 
-0.0593699 
-0.0593698 
-0.0593696 
-0.0593695 
-0.0593694 
-0.0593692 
-0.0593691 
-0.059369 
-0.0593689 
-0.0593687 
-0.0593686 
-0.0593685 
-0.0593684 
-0.0593683 
-0.0593682 
-0.059368 
-0.0593679 
-0.0593678 
-0.0593677 
-0.0593676 
-0.0593675 
-0.0593674 
-0.0593673 
-0.0593672 
-0.0593671 
-0.059367 
-0.0593669 
-0.0593668 
-0.0593667 
-0.0593666 
-0.0593665 
-0.0593664 
-0.0593663 
-0.0593662 
-0.0593661 
-0.059366 
-0.0593659 
-0.0593658 
-0.0593657 
-0.0593657 
-0.0593656 
-0.0593655 
-0.0593654 
-0.0593653 
-0.0593652 
-0.0593652 
-0.0593651 
-0.059365 
-0.0593649 
-0.0593648 
-0.0593648 
-0.0593647 
-0.0593646 
-0.0593645 
-0.0593645 
-0.0593644 
-0.0593643 
-0.0593642 
-0.0593642 
-0.0593641 
-0.059364 
-0.059364 
-0.0593639 
-0.0593638 
-0.0593638 
-0.0593637 
-0.0593636 
-0.0593636 
-0.0593635 
-0.0593635 
-0.0593634 
-0.0593633 
-0.0593633 
-0.0593632 
-0.0593631 
-0.0593631 
-0.059363 
-0.059363 
-0.0593629 
-0.0593629 
-0.0593628 
-0.0593628 
-0.0593627 
-0.0593626 
-0.0593626 
-0.0593625 
-0.0593625 
-0.0593624 
-0.0593624 
-0.0593623 
-0.0593623 
-0.0593622 
-0.0593622 
-0.0593621 
-0.0593621 
-0.0593621 
-0.059362 
-0.059362 
-0.0593619 
-0.0593619 
-0.0593618 
-0.0593618 
-0.0593617 
-0.0593617 
-0.0593617 
-0.0593616 
-0.0593616 
-0.0593615 
-0.0593615 
-0.0593615 
-0.0593614 
-0.0593614 
-0.0593613 
-0.0593613 
-0.0593613 
-0.0593612 
-0.0593612 
-0.0593612 
-0.0593611 
-0.0593611 
-0.059361 
-0.059361 
-0.059361 
-0.0593609 
-0.0593609 
-0.0593609 
-0.0593608 
-0.0593608 
-0.0593608 
-0.0593607 
-0.0593607 
-0.0593607 
-0.0593607 
-0.0593606 
-0.0593606 
-0.0593606 
-0.0593605 
-0.0593605 
-0.0593605 
-0.0593604 
-0.0593604 
-0.0593604 
-0.0593604 
-0.0593603 
-0.0593603 
-0.0593603 
-0.0593603 
-0.0593602 
-0.0593602 
-0.0593602 
-0.0593602 
-0.0593601 
-0.0593601 
-0.0593601 
-0.0593601 
-0.05936 
-0.05936 
-0.05936 
-0.05936 
-0.0593599 
-0.0593599 
-0.0593599 
-0.0593599 
-0.0593599 
-0.0593598 
-0.0593598 
-0.0593598 
-0.0593598 
-0.0593597 
-0.0593597 
-0.0593597 
-0.0593597 
-0.0593597 
-0.0593596 
-0.0593596 
-0.0593596 
-0.0593596 
-0.0593596 
-0.0593596 
-0.0593595 
-0.0593595 
-0.0593595 
-0.0593595 
-0.0593595 
-0.0593594 
-0.0593594 
-0.0593594 
-0.0593594 
-0.0593594 
-0.0593594 
-0.0593593 
-0.0593593 
-0.0593593 
-0.0593593 
-0.0593593 
-0.0593593 
-0.0593593 
-0.0593592 
-0.0593592 
-0.0593592 
-0.0593592 
-0.0593592 
-0.0593592 
-0.0593592 
-0.0593591 
-0.0593591 
-0.0593591 
-0.0593591 
-0.0593591 
-0.0593591 
-0.0593591 
-0.059359 
-0.059359 
-0.059359 
-0.059359 
-0.059359 
-0.059359 
-0.059359 
-0.059359 
-0.059359 
-0.0593589 
-0.0593589 
-0.0593589 
-0.0593589 
-0.0593589 
-0.0593589 
-0.0593589 
-0.0593589 
-0.0593589 
-0.0593588 
-0.0593588 
-0.0593588 
-0.0593588 
-0.0593588 
-0.0593588 
-0.0593588 
-0.0593588 
-0.0593588 
-0.0593588 
-0.0593587 
-0.0593587 
-0.0593587 
-0.0593587 
-0.0593587 
-0.0593587 
-0.0593587 
-0.0593587 
-0.0593587 
-0.0593587 
-0.0593587 
-0.0593586 
-0.0593586 
-0.0593586 
-0.0593586 
-0.0593586 
-0.0593586 
-0.0593586 
-0.0593586 
-0.0593586 
-0.0593586 
-0.0593586 
-0.0593586 
-0.0593586 
-0.0593585 
-0.0593585 
-0.0593585 
-0.0593585 
-0.0593585 
-0.0593585 
-0.0593585 
-0.0593585 
-0.0593585 
-0.0593585 
-0.0593585 
-0.0593585 
-0.0593585 
-0.0593585 
-0.0593585 
-0.0593585 
-0.0593584 
-0.0593584 
-0.0593584 
-0.0593584 
-0.0593584 
-0.0593584 
-0.0593584 
-0.0593584 
-0.0593584 
-0.0593584 
-0.0593584 
-0.0593584 
-0.0593584 
-0.0593584 
-0.0593584 
-0.0593584 
-0.0593584 
-0.0593584 
-0.0593583 
-0.0593583 
-0.0593583 
-0.0593583 
-0.0593583 
-0.0593583 
-0.0593583 
-0.0593583 
-0.0593583 
-0.0593583 
-0.0593583 
-0.0593583 
-0.0593583 
-0.0593583 
-0.0593583 
-0.0593583 
-0.0593583 
-0.0593583 
-0.0593583 
-0.0593583 
-0.0593583 
-0.0593583 
-0.0593583 
-0.0593582 
-0.0593582 
-0.0593582 
-0.0593582 
-0.0593582 
-0.0593582 
-0.0593582 
-0.0593582 
-0.0593582 
-0.0593582 
-0.0593582 
-0.0593582 
-0.0593582 
-0.0593582 
-0.0593582 
-0.0593582 
-0.0593582 
-0.0593582 
-0.0593582 
-0.0593582 
-0.0593582 
-0.0593582 
-0.0593582 
-0.0593582 
-0.0593582 
-0.0593582 
-0.0593582 
-0.0593582 
-0.0593582 
-0.0593582 
-0.0593582 
-0.0593582 
-0.0593581 
-0.0593581 
-0.0593581 
-0.0593581 
-0.0593581 
-0.0593581 
-0.0593581 
-0.0593581 
-0.0593581 
-0.0593581 
-0.0593581 
-0.0593581 
-0.0593581 
-0.0593581 
-0.0593581 
-0.0593581 
-0.0593581 
-0.0593581 
-0.0593581 
-0.0593581 
-0.0593581 
-0.0593581 
-0.0593581 
-0.0593581 
-0.0593581 
-0.0593581 
-0.0593581 
-0.0593581 
-0.0593581 
-0.0593581 
-0.0593581 
-0.0593581 
-0.0593581 
-0.0593581 
-0.0593581 
-0.0593581 
-0.0593581 
-0.0593581 
-0.0593581 
-0.0593581 
-0.0593581 
-0.0593581 
-0.0593581 
-0.0593581 
-0.0593581 
-0.0593581 
-0.0593581 
-0.0593581 
-0.0593581 
-0.0593581 
-0.059358 
-0.059358 
-0.059358 
-0.059358 
-0.059358 
-0.059358 
-0.059358 
-0.059358 
-0.059358 
-0.059358 
-0.059358 
-0.059358 
-0.059358 
-0.059358 
-0.059358 
-0.059358 
-0.059358 
-0.059358 
-0.059358 
-0.059358 
-0.059358 
-0.059358 
-0.059358 
-0.059358 
-0.059358 
-0.059358 
-0.059358 
-0.059358 
-0.059358 
-0.059358 
-0.059358 
-0.059358 
-0.059358 
-0.059358 
-0.059358 
-0.059358 
-0.059358 
-0.059358 
-0.059358 
-0.059358 
-0.059358 
-0.059358 
-0.059358 
-0.0585387 
-0.0577287 
-0.0569278 
-0.0561357 
-0.0553523 
-0.0545775 
-0.0538109 
-0.0530522 
-0.0523012 
-0.0515573 
-0.0508201 
-0.0500887 
-0.0493625 
-0.0486402 
-0.0479206 
-0.0472018 
-0.0464818 
-0.0457576 
-0.0450258 
-0.0442817 
-0.0443383 
-0.0443714 
-0.0443854 
-0.0443843 
-0.0443711 
-0.0443482 
-0.0443175 
-0.0442801 
-0.044237 
-0.0441888 
-0.0441359 
-0.0440784 
-0.0440165 
-0.0439501 
-0.043879 
-0.0438029 
-0.0437217 
-0.0436349 
-0.0435421 
-0.0434428 
-0.0433363 
-0.043222 
-0.043099 
-0.0429665 
-0.0428234 
-0.0426684 
-0.0425001 
-0.0423168 
-0.0421165 
-0.0418966 
-0.0416544 
-0.0413862 
-0.0410876 
-0.0407532 
-0.040376 
-0.0399471 
-0.0394548 
-0.0388834 
-0.0382116 
-0.0374093 
-0.0364328 
-0.0352163 
-0.0336562 
-0.0315816 
-0.0286937 
-0.0244439 
-0.0178049 
-0.00707754 
0.00882552 
0.0269112 
0.0409082 
0.0483765 
0.0515053 
0.0526703 
0.0530599 
0.0531424 
0.0530934 
0.0529804 
0.0528306 
0.0526555 
0.05246 
0.0522463 
0.052015 
0.0517664 
0.0515002 
0.051216 
0.0509136 
0.0505925 
0.0502522 
0.0498924 
0.0495129 
0.0491133 
0.0486936 
0.0482535 
0.047793 
0.0473123 
0.0468113 
0.0462903 
0.0457497 
0.0451896 
0.0446105 
0.044013 
0.0433975 
0.0427647 
0.0421152 
0.0414498 
0.0407692 
0.0400742 
0.0393657 
0.0386445 
0.0379115 
0.0371677 
0.0364138 
0.0356509 
0.03488 
0.0341018 
0.0333174 
0.0325277 
0.0317335 
0.0309359 
0.0301355 
0.0293334 
0.0285304 
0.0277273 
0.0269248 
0.0261238 
0.025325 
0.0245292 
0.023737 
0.0229492 
0.0221663 
0.021389 
0.020618 
0.0198539 
0.019097 
0.0183482 
0.0176077 
0.0168762 
0.0161541 
0.0154419 
0.01474 
0.0140488 
0.0133687 
0.0127001 
0.0120433 
0.0113987 
0.0107666 
0.0101472 
0.0095409 
0.0089479 
0.00836845 
0.00780275 
0.007251 
0.00671338 
0.00619006 
0.00568115 
0.00518679 
0.00470708 
0.00424208 
0.00379187 
0.00335648 
0.00293594 
0.00253025 
0.00213939 
0.00176333 
0.00140201 
0.00105537 
0.000723318 
0.000405741 
0.000102515 
-0.000186502 
-0.000461472 
-0.000722573 
-0.000970001 
-0.00120397 
-0.0014247 
-0.00163245 
-0.00182748 
-0.00201005 
-0.00218046 
-0.00233902 
-0.00248604 
-0.00262186 
-0.00274681 
-0.00286124 
-0.00296553 
-0.00306004 
-0.00314515 
-0.00322125 
-0.00328873 
-0.00334798 
-0.00339941 
-0.00344342 
-0.00348041 
-0.00351078 
-0.00353493 
-0.00355326 
-0.00356616 
-0.00357402 
-0.00357723 
-0.00357615 
-0.00357115 
-0.00356259 
-0.00355081 
-0.00353615 
-0.00351892 
-0.00349945 
-0.00347802 
-0.00345492 
-0.00343041 
-0.00340475 
-0.00337817 
-0.00335091 
-0.00332316 
-0.00329513 
-0.00326699 
-0.00323891 
-0.00321104 
-0.00318351 
-0.00315645 
-0.00312996 
-0.00310415 
-0.0030791 
-0.00305488 
-0.00303155 
-0.00300918 
-0.00298778 
-0.00296741 
-0.00294809 
-0.00292982 
-0.00291263 
-0.00289651 
-0.00288145 
-0.00286746 
-0.0028545 
-0.00284257 
-0.00283164 
-0.00282168 
-0.00281267 
-0.00280456 
-0.00279733 
-0.00279094 
-0.00278536 
-0.00278053 
-0.00277643 
-0.002773 
-0.00277022 
-0.00276804 
-0.00276642 
-0.00276532 
-0.0027647 
-0.00276453 
-0.00276476 
-0.00276536 
-0.00276629 
-0.00276753 
-0.00276903 
-0.00277077 
-0.00277272 
-0.00277484 
-0.00277712 
-0.00277952 
-0.00278202 
-0.00278461 
-0.00278725 
-0.00278994 
-0.00279264 
-0.00279536 
-0.00279806 
-0.00280074 
-0.00280339 
-0.00280599 
-0.00280853 
-0.00281101 
-0.00281342 
-0.00281575 
-0.00281799 
-0.00282014 
-0.0028222 
-0.00282417 
-0.00282603 
-0.0028278 
-0.00282946 
-0.00283103 
-0.00283249 
-0.00283385 
-0.00283512 
-0.00283628 
-0.00283736 
-0.00283834 
-0.00283923 
-0.00284003 
-0.00284075 
-0.0028414 
-0.00284196 
-0.00284245 
-0.00284287 
-0.00284323 
-0.00284352 
-0.00284376 
-0.00284394 
-0.00284407 
-0.00284416 
-0.0028442 
-0.0028442 
-0.00284416 
-0.0028441 
-0.002844 
-0.00284387 
-0.00284372 
-0.00284355 
-0.00284336 
-0.00284316 
-0.00284294 
-0.00284272 
-0.00284248 
-0.00284224 
-0.00284199 
-0.00284174 
-0.00284148 
-0.00284123 
-0.00284098 
-0.00284073 
-0.00284049 
-0.00284025 
-0.00284001 
-0.00283978 
-0.00283956 
-0.00283935 
-0.00283914 
-0.00283895 
-0.00283876 
-0.00283858 
-0.00283841 
-0.00283825 
-0.0028381 
-0.00283796 
-0.00283782 
-0.0028377 
-0.00283759 
-0.00283748 
-0.00283738 
-0.0028373 
-0.00283722 
-0.00283715 
-0.00283708 
-0.00283703 
-0.00283698 
-0.00283693 
-0.0028369 
-0.00283687 
-0.00283684 
-0.00283682 
-0.00283681 
-0.0028368 
-0.00283679 
-0.00283679 
-0.00283679 
-0.0028368 
-0.0028368 
-0.00283681 
-0.00283683 
-0.00283684 
-0.00283686 
-0.00283688 
-0.0028369 
-0.00283692 
-0.00283694 
-0.00283696 
-0.00283698 
-0.00283701 
-0.00283703 
-0.00283705 
-0.00283708 
-0.0028371 
-0.00283712 
-0.00283715 
-0.00283717 
-0.00283719 
-0.00283721 
-0.00283723 
-0.00283725 
-0.00283727 
-0.00283729 
-0.00283731 
-0.00283732 
-0.00283734 
-0.00283735 
-0.00283737 
-0.00283738 
-0.00283739 
-0.0028374 
-0.00283741 
-0.00283742 
-0.00283743 
-0.00283744 
-0.00283744 
-0.00283745 
-0.00283746 
-0.00283746 
-0.00283747 
-0.00283747 
-0.00283747 
-0.00283748 
-0.00283748 
-0.00283748 
-0.00283748 
-0.00283748 
-0.00283748 
-0.00283748 
-0.00283748 
-0.00283748 
-0.00283748 
-0.00283748 
-0.00283748 
-0.00283748 
-0.00283747 
-0.00283747 
-0.00283747 
-0.00283747 
-0.00283747 
-0.00283746 
-0.00283746 
-0.00283746 
-0.00283746 
-0.00283746 
-0.00283745 
-0.00283745 
-0.00283745 
-0.00283745 
-0.00283745 
-0.00283744 
-0.00283744 
-0.00283744 
-0.00283744 
-0.00283744 
-0.00283743 
-0.00283743 
-0.00283743 
-0.00283743 
-0.00283743 
-0.00283743 
-0.00283743 
-0.00283742 
-0.00283742 
-0.00283742 
-0.00283742 
-0.00283742 
-0.00283742 
-0.00283742 
-0.00283742 
-0.00283742 
-0.00283742 
-0.00283742 
-0.00283742 
-0.00283742 
-0.00283742 
-0.00283742 
-0.00283742 
-0.00283742 
-0.00283742 
-0.00283742 
-0.00283742 
-0.00283742 
-0.00283742 
-0.00283742 
-0.00283742 
-0.00283742 
-0.00283742 
-0.00283742 
-0.00283742 
-0.00283742 
-0.00283742 
-0.00283742 
-0.00283742 
-0.00283742 
-0.00283742 
-0.00283742 
-0.00283742 
-0.00283742 
-0.00283742 
-0.00283742 
-0.00283742 
-0.00283742 
-0.00283742 
-0.00283742 
-0.00283742 
-0.00283742 
-0.00283742 
-0.00283742 
-0.00283742 
-0.00283742 
-0.00283742 
-0.00283742 
-0.00283742 
-0.00283742 
-0.00283742 
-0.00283742 
-0.00283742 
-0.00283742 
-0.00283742 
-0.00283742 
-0.00283742 
-0.00283742 
-0.00283742 
-0.00283742 
-0.00283742 
-0.00283742 
-0.00283742 
-0.00283742 
-0.00283742 
-0.00283742 
-0.00283742 
-0.00283742 
-0.00283742 
-0.00283742 
-0.00283742 
-0.00283742 
-0.00283742 
-0.00283742 
-0.00283742 
-0.00283742 
-0.00283742 
-0.00283742 
-0.00283742 
-0.00283742 
-0.00283742 
-0.00283742 
-0.00283742 
-0.00283742 
-0.00283742 
-0.00283742 
-0.00283742 
-0.00283742 
-0.00283742 
-0.00283742 
-0.00283742 
-0.00283742 
-0.00283742 
-0.00283742 
-0.00283742 
-0.00283742 
-0.00283742 
-0.00283742 
-0.00283742 
-0.00283742 
-0.00283742 
-0.00283742 
-0.00283742 
-0.00283742 
-0.00283742 
-0.00283742 
-0.00283742 
-0.00283742 
-0.00283742 
-0.00283742 
-0.00283742 
-0.00283742 
-0.00283742 
-0.00283742 
-0.00283742 
-0.00283742 
-0.00283742 
-0.00283742 
-0.00283742 
-0.00283742 
-0.00283742 
-0.00283742 
-0.00283742 
-0.00283742 
-0.00283742 
-0.00283742 
-0.00283742 
-0.00283742 
-0.00283742 
-0.00283742 
-0.00283742 
-0.00283742 
-0.00283742 
-0.00283742 
-0.00283742 
-0.00283742 
-0.00283742 
-0.00283742 
-0.00283742 
-0.00283742 
-0.00283742 
-0.00283742 
-0.00283742 
-0.00283742 
-0.00283742 
-0.00283742 
-0.00283742 
-0.00283742 
-0.00283742 
-0.00283742 
-0.00283742 
-0.00283742 
-0.00283742 
-0.00283742 
-0.00283742 
-0.00283742 
-0.00283742 
-0.00283742 
-0.00283742 
-0.00283742 
-0.00283742 
-0.00283742 
-0.00283742 
-0.00283742 
-0.00283742 
-0.00283742 
-0.00283742 
-0.00283742 
-0.00283742 
-0.00283742 
-0.00283742 
-0.00283742 
-0.00283742 
-0.00283742 
-0.00283742 
-0.00283742 
-0.00283742 
-0.00283742 
-0.00283742 
-0.00283742 
-0.00283742 
-0.00283742 
-0.00283742 
-0.00283742 
-0.00283742 
-0.00283742 
-0.00283742 
-0.00283742 
-0.00283742 
-0.00283742 
-0.00283742 
-0.00283742 
-0.00283742 
-0.00283742 
-0.00283742 
-0.00283742 
-0.00283742 
-0.00283742 
-0.00283742 
-0.00283742 
-0.00283742 
-0.00283742 
-0.00283742 
-0.00283742 
-0.00283742 
-0.00283742 
-0.00283742 
-0.00283742 
-0.00283742 
-0.00283742 
-0.00283742 
-0.00283742 
-0.00283742 
-0.00283742 
-0.00283742 
-0.00283742 
-0.00283742 
-0.00283742 
-0.00283742 
-0.00283742 
-0.00283742 
-0.00283742 
-0.00283742 
-0.00283742 
-0.00283742 
-0.00283742 
-0.00283742 
-0.00283742 
-0.00283742 
-0.00283742 
-0.00283742 
-0.00283742 
-0.00283742 
-0.00283742 
-0.00283742 
-0.00283742 
-0.00283742 
-0.00283742 
-0.00283742 
-0.00283742 
-0.00283742 
-0.00283742 
-0.00283742 
-0.00283742 
-0.00283742 
-0.00283742 
-0.00283742 
-0.00283742 
-0.00283742 
-0.00283742 
-0.00283742 
-0.00283742 
-0.00283742 
-0.00283742 
-0.00283742 
-0.00283742 
-0.00283742 
-0.00283742 
-0.00283742 
-0.00283742 
-0.00283742 
-0.00283742 
-0.00283742 
-0.00283742 
-0.00283742 
-0.00283742 
-0.00283742 
-0.00283742 
-0.00283742 
-0.00283742 
-0.00283742 
-0.00283742 
-0.00283742 
-0.00283742 
-0.00283742 
-0.00283742 
-0.00283742 
-0.00283742 
-0.00283742 
-0.00283742 
-0.00283742 
-0.00283742 
-0.00283742 
-0.00283742 
-0.00283742 
-0.00283742 
-0.00283742 
-0.00283742 
-0.00283742 
-0.00283742 
-0.00283742 
-0.00283742 
-0.00283742 
-0.00283742 
-0.00283742 
-0.00283742 
-0.00283742 
-0.00283742 
-0.00283742 
-0.00283742 
-0.00283742 
-0.00283742 
-0.00283742 
-0.00283742 
-0.00283742 
-0.00283742 
-0.00283742 
-0.00283742 
-0.00283742 
-0.00283742 
-0.00283742 
-0.00283742 
-0.00283742 
-0.00283742 
-0.00283742 
-0.00283742 
-0.00283742 
-0.00283742 
-0.00283742 
-0.00283742 
-0.00283742 
-0.00283742 
-0.00283742 
-0.00283742 
-0.00283742 
-0.00283742 
-0.00283742 
-0.00283742 
-0.00283742 
-0.00283742 
-0.00283742 
-0.00283742 
-0.00283742 
-0.00283742 
-0.00283742 
-0.00283742 
-0.00283742 
-0.00283742 
-0.00283742 
-0.00283742 
-0.00283742 
-0.00283742 
-0.00283742 
-0.00283742 
-0.00283742 
-0.00283742 
-0.00283742 
-0.00283742 
-0.00283742 
-0.00283742 
-0.00283742 
-0.00283742 
-0.00283742 
-0.00283742 
-0.00283742 
-0.00283742 
-0.00283742 
-0.00283742 
-0.00283742 
-0.00283742 
-0.00283742 
-0.00283742 
-0.00283742 
-0.00283742 
-0.00283742 
-0.00283742 
-0.00283742 
-0.00283742 
-0.00283742 
-0.00283742 
-0.00283742 
-0.00283742 
-0.00283742 
-0.00283742 
-0.00283742 
-0.00283742 
-0.00283742 
-0.00283742 
-0.00283742 
-0.00283742 
-0.00283742 
-0.00283742 
-0.00283742 
-0.00283742 
-0.00283742 
-0.00283742 
-0.00283742 
-0.00283742 
-0.00283742 
-0.00283742 
-0.00283742 
-0.00283742 
-0.00283742 
-0.00283742 
-0.00283742 
-0.00283742 
-0.00283742 
-0.00283742 
-0.00283742 
-0.00283742 
-0.00283742 
-0.00283742 
-0.00283742 
-0.00283742 
-0.00283742 
-0.00283742 
-0.00283742 
-0.00283742 
-0.00283742 
-0.00283742 
-0.00283742 
-0.00283742 
-0.00283742 
-0.00283742 
-0.00283742 
-0.00283742 
-0.00283742 
-0.00283742 
-0.00283742 
-0.00283742 
-0.00283742 
-0.00283742 
-0.00283742 
-0.00283742 
-0.00283742 
-0.00283742 
-0.00283742 
-0.00283742 
-0.00283742 
-0.00283742 
-0.00283742 
-0.00283742 
-0.00283742 
-0.00283742 
-0.00283742 
-0.00283742 
-0.00283742 
-0.00283742 
-0.00283742 
-0.00283742 
-0.00283742 
-0.00283742 
-0.00283742 
-0.00283742 
-0.00283742 
-0.00283742 
-0.00283742 
-0.00283742 
-0.00283742 
-0.00283742 
-0.00283742 
-0.00283742 
-0.00283742 
-0.00283742 
-0.00283742 
-0.00283742 
-0.00283742 
-0.00283742 
-0.00283742 
-0.00283742 
-0.00283742 
-0.00283742 
-0.00283742 
-0.00283742 
-0.00283742 
-0.00283742 
-0.00283742 
-0.00283742 
-0.00283742 
-0.00283742 
-0.00283742 
-0.00283742 
-0.00283742 
-0.00283742 
-0.00283742 
-0.00283742 
-0.00283742 
-0.00283742 
-0.00283742 
-0.00283742 
-0.00283742 
-0.00283742 
-0.00283742 
-0.00283742 
-0.00283742 
-0.00283742 
-0.00283742 
-0.00283742 
-0.00283742 
-0.00283742 
-0.00283742 
-0.00283742 
-0.00283742 
-0.00283742 
-0.00283742 
-0.00283742 
-0.00283742 
-0.00283742 
-0.00283742 
-0.00283742 
-0.00283742 
-0.00283742 
-0.00283742 
-0.00283742 
-0.00283742 
-0.00283742 
-0.00283742 
-0.00283742 
-0.00283742 
-0.00283742 
-0.00283742 
-0.00283742 
-0.00283742 
-0.00283742 
-0.00283742 
-0.00283742 
-0.00283742 
-0.00283742 
-0.00283742 
-0.00283742 
-0.00283742 
-0.00283742 
-0.00283742 
-0.00283742 
-0.00283742 
-0.00283742 
-0.00283742 
-0.00283742 
-0.00283742 
-0.00283742 
-0.00283742 
-0.00283742 
-0.00283742 
-0.00283742 
-0.00283742 
-0.00283742 
-0.00283742 
-0.00283742 
-0.00283742 
-0.00283742 
-0.00283742 
-0.00283742 
-0.00283742 
-0.00283742 
-0.00283742 
-0.00283742 
-0.00283742 
-0.00283742 
-0.00283742 
-0.00283742 
-0.00283742 
-0.00283742 
-0.00283742 
-0.00283742 
-0.00283742 
-0.00283742 
-0.00283742 
-0.00283742 
-0.00283742 
-0.00283742 
-0.00283742 
-0.00283742 
-0.00283742 
-0.00283742 
-0.00283742 
-0.00283742 
-0.00283742 
-0.00283742 
-0.00283742 
-0.00283742 
-0.00283742 
-0.00283742 
-0.00283742 
-0.00283742 
-0.00283742 
-0.00283742 
-0.00283742 
-0.00283742 
-0.00283742 
-0.00283742 
-0.00283742 
-0.00283742 
-0.00283742 
-0.00283742 
-0.00283742 
-0.00283742 
-0.00283742 
-0.00283742 
-0.00283742 
-0.00283742 
-0.00283742 
-0.00283742 
-0.00283742 
-0.00283742 
-0.00283742 
-0.00283742 
-0.00283742 
-0.00283742 
-0.00283742 
-0.00283742 
-0.00283742 
-0.00283742 
-0.00283742 
-0.00283742 
-0.00283742 
-0.00283742 
-0.00283742 
-0.00283742 
-0.00283742 
-0.00283742 
-0.00283742 
-0.00283742 
-0.00283742 
-0.00283742 
-0.00283742 
-0.00283742 
-0.00283742 
-0.00283742 
-0.00283742 
-0.00283742 
-0.00283742 
-0.00283742 
-0.00283742 
-0.00283742 
-0.00283742 
-0.00283742 
-0.00283742 
-0.00283742 
-0.00283742 
-0.00283742 
-0.00283742 
-0.00283742 
-0.00283742 
-0.00283742 
-0.00283742 
-0.00283742 
-0.00283742 
-0.00283742 
-0.00283742 
-0.00283742 
-0.00283742 
-0.00283742 
-0.00283742 
-0.00283742 
-0.00283742 
-0.00283742 
-0.00283742 
-0.00283742 
-0.00283742 
-0.00283742 
-0.00283742 
-0.00283742 
-0.00283742 
-0.00283742 
-0.00283742 
-0.00283742 
-0.00283742 
-0.00283742 
-0.00283742 
-0.00283742 
-0.00283742 
-0.00283742 
-0.00283742 
-0.00283742 
-0.00283742 
-0.00283742 
-0.00283742 
-0.00283742 
-0.00283742 
-0.00283742 
-0.00283742 
-0.00283742 
-0.00283742 
-0.00283742 
-0.00283742 
-0.00283742 
-0.00283742 
-0.00283742 
-0.00283742 
-0.00283742 
-0.00283742 
-0.00283742 
-0.00283742 
-0.00283742 
-0.00283742 
-0.00283742 
-0.00283742 
-0.00283742 
-0.00283742 
-0.00283742 
-0.00283742 
-0.00283742 
-0.00283742 
-0.00283742 
-0.00283742 
-0.00283742 
-0.00283742 
-0.00283742 
-0.00283742 
-0.00283742 
-0.00283742 
-0.00283742 
-0.00283742 
-0.00283742 
-0.00283742 
-0.00283742 
-0.00283742 
-0.00283742 
-0.00283742 
-0.00283742 
-0.00283742 
-0.00283742 
-0.00283742 
-0.00283742 
-0.00283742 
-0.00283742 
-0.00283742 
-0.00283742 
-0.00283742 
-0.00283742 
-0.00283742 
-0.00283742 
-0.00283742 
-0.00283742 
-0.00283742 
-0.00283742 
-0.00283742 
-0.00283742 
-0.00283742 
-0.00283742 
-0.00283742 
-0.00283742 
-0.00283742 
-0.00283742 
-0.00283742 
-0.00283742 
-0.00283742 
-0.00283742 
-0.00283742 
-0.00283742 
-0.00283742 
-0.00283742 
-0.00283742 
-0.00283742 
-0.00283742 
-0.00283742 
-0.00283742 
-0.00283742 
-0.00283742 
-0.00283742 
-0.00283742 
-0.00283742 
-0.00283742 
-0.00283742 
-0.00283742 
-0.00283742 
-0.00283742 
-0.00283742 
-0.00283742 
-0.00283742 
-0.00283742 
-0.00283742 
-0.00283742 
-0.00283742 
-0.00283742 
-0.00283742 
-0.00283742 
-0.00283742 
-0.00283742 
-0.00283742 
-0.00283742 
-0.00283742 
-0.00283742 
-0.00283742 
-0.00283742 
-0.00283742 
-0.00283742 
-0.00283742 
-0.00283742 
-0.00283742 
-0.00283742 
-0.00283742 
-0.00283742 
-0.00283742 
-0.00283742 
-0.00283742 
-0.00283742 
-0.00283742 
-0.00283742 
-0.00283742 
-0.00283742 
-0.00283742 
-0.00283742 
-0.00283742 
-0.00283742 
-0.00283742 
-0.00283742 
-0.00283742 
-0.00283742 
-0.00283742 
-0.00283742 
-0.00283742 
-0.00283742 
-0.00283742 
-0.00283742 
-0.00283742 
-0.00283742 
-0.00283742 
-0.00283742 
-0.00283742 
-0.00283742 
-0.00283742 
-0.00283742 
-0.00283742 
-0.00283742 
-0.00283742 
-0.00283742 
-0.00283742 
-0.00283742 
-0.00283742 
-0.00283742 
-0.00283742 
-0.00283742 
-0.00283742 
-0.00283742 
-0.00283742 
-0.00283742 
-0.00283742 
-0.00283742 
-0.00283742 
-0.00283742 
-0.00283742 
-0.00283742 
-0.00283742 
-0.00283742 
-0.00283742 
-0.00283742 
-0.00283742 
-0.00283742 
-0.00283742 
-0.00283742 
-0.00283742 
-0.00283742 
-0.00283742 
-0.00283742 
-0.00283742 
-0.00283742 
-0.00283742 
-0.00283742 
-0.00283742 
-0.00283742 
-0.00283742 
-0.00283742 
-0.00283742 
-0.00283742 
-0.00283742 
-0.00283742 
-0.00283742 
-0.00283742 
-0.00283742 
-0.00283742 
-0.00283742 
-0.00283742 
-0.00283742 
-0.00283742 
-0.00283742 
-0.00283742 
-0.00283742 
-0.00283742 
-0.00283742 
-0.00283742 
-0.00283742 
-0.00283742 
-0.00283742 
-0.00283742 
-0.00283742 
-0.00283742 
-0.00283742 
-0.00283742 
-0.00283742 
-0.00283742 
-0.00283742 
-0.00283742 
-0.00283742 
-0.00283742 
-0.00283742 
-0.00283742 
-0.00283742 
-0.00283742 
-0.00283742 
-0.00283742 
-0.00283742 
-0.00283742 
-0.00283742 
-0.00283742 
-0.00283742 
-0.00283742 
-0.00283742 
-0.00283742 
-0.00283742 
-0.00283742 
-0.00283742 
-0.00283742 
-0.00283742 
-0.00283742 
-0.00283742 
-0.00283742 
-0.00283742 
-0.00283742 
-0.00283742 
-0.00283742 
-0.00283742 
-0.00283742 
-0.00283742 
-0.00283742 
-0.00283742 
-0.00283742 
-0.00283742 
-0.00283742 
-0.00283742 
-0.00283742 
-0.00283742 
-0.00283742 
-0.00283742 
-0.00283742 
-0.00283742 
-0.00283742 
-0.00283742 
-0.00283742 
-0.00283742 
-0.00283742 
-0.00283742 
-0.00283742 
-0.00283742 
-0.00283742 
-0.00283742 
-0.00283742 
-0.00283742 
-0.00283742 
-0.00283742 
-0.00283742 
-0.00283742 
-0.00283742 
-0.00283742 
-0.00283742 
-0.00283742 
-0.00283742 
-0.00283742 
-0.00283742 
-0.00283742 
-0.00283742 
-0.00283742 
-0.00283742 
-0.00283742 
-0.00283742 
-0.00283742 
-0.00283742 
-0.00283742 
-0.00283742 
-0.00283742 
-0.00283742 
-0.00283742 
-0.00283742 
-0.00283742 
-0.00283742 
-0.00283742 
-0.00283742 
-0.00283742 
-0.00283742 
-0.00283742 
-0.00283742 
-0.00283742 
-0.00283742 
-0.00283742 
-0.00283742 
-0.00283742 
-0.00283742 
-0.00283742 
-0.00283742 
-0.00283742 
-0.00283742 
-0.00283742 
-0.00283742 
-0.00283742 
-0.00283742 
-0.00283742 
-0.00283742 
-0.00283742 
-0.00283742 
-0.00283742 
-0.00283742 
-0.00283742 
-0.00283742 
-0.00283742 
-0.00283742 
-0.00283742 
-0.00283742 
-0.00283742 
-0.00283742 
-0.00283742 
-0.00283742 
-0.00283742 
-0.00283742 
-0.00283742 
-0.00283742 
-0.00283742 
-0.00283742 
-0.00283742 
-0.00283742 
-0.00283742 
-0.00283742 
-0.00283742 
-0.00283742 
-0.00283742 
-0.00283742 
-0.00283742 
-0.00283742 
-0.00283742 
-0.00283742 
-0.00283742 
-0.00283742 
-0.00283742 
-0.00283742 
-0.00283742 
-0.00283742 
-0.00283742 
-0.00283742 
-0.00283742 
-0.00283742 
-0.00283742 
-0.00283742 
-0.00283742 
-0.00283742 
-0.00283742 
-0.00283742 
-0.00283742 
-0.00283742 
-0.00283742 
-0.00283742 
-0.00283742 
-0.00283742 
-0.00283742 
-0.00283742 
-0.00283742 
-0.00283742 
-0.00283742 
-0.00283742 
-0.00283742 
-0.00283742 
-0.00283742 
-0.00283742 
-0.00283742 
-0.00283742 
-0.00283742 
-0.00283742 
-0.00283742 
-0.00283742 
-0.00283742 
-0.00283742 
-0.00283742 
-0.00283742 
-0.00283742 
-0.00283742 
-0.00283742 
-0.00283742 
-0.00283742 
-0.00283742 
-0.00283742 
-0.00283742 
-0.00283742 
-0.00283742 
-0.00283742 
-0.00283742 
-0.00283742 
-0.00283742 
-0.00283742 
-0.00283742 
-0.00283742 
-0.00283742 
-0.00283742 
-0.00283742 
-0.00283742 
-0.00283742 
-0.00283742 
-0.00283742 
-0.00283742 
-0.00283742 
-0.00283742 
-0.00283742 
-0.00283742 
-0.00283742 
-0.00283742 
-0.00283742 
-0.00283742 
-0.00283742 
-0.00283742 
-0.00283742 
-0.00283742 
-0.00283742 
-0.00283742 
-0.00283742 
-0.00283742 
-0.00283742 
-0.00283742 
-0.00283742 
-0.00283742 
-0.00283742 
-0.00283742 
-0.00283742 
-0.00283742 
-0.00283742 
-0.00283742 
-0.00283742 
-0.00283742 
-0.00283742 
-0.00283742 
-0.00283742 
-0.00283742 
-0.00283742 
-0.00283742 
-0.00283742 
-0.00283742 
-0.00283742 
-0.00283742 
-0.00283742 
-0.00283742 
-0.00283742 
-0.00283742 
-0.00283742 
-0.00283742 
-0.00283742 
-0.00283742 
-0.00283742 
-0.00283742 
-0.00283742 
-0.00283742 
-0.00283742 
-0.00283742 
-0.00283742 
-0.00283742 
-0.00283742 
-0.00283742 
-0.00283742 
-0.00283742 
-0.00283742 
-0.00283742 
-0.00283742 
-0.00283742 
-0.00283742 
-0.00283742 
-0.00283742 
-0.00283742 
-0.00283742 
-0.00283742 
-0.00283742 
-0.00283742 
-0.00283742 
-0.00283742 
-0.00283742 
-0.00283742 
-0.00283742 
-0.00283742 
-0.00283742 
-0.00283742 
-0.00283742 
-0.00283742 
-0.00283742 
-0.00283742 
-0.00283742 
-0.00283742 
-0.00283742 
-0.00283742 
-0.00283742 
-0.00283742 
-0.00283742 
-0.00283742 
-0.00283742 
-0.00283742 
-0.00283742 
-0.00283742 
-0.00283742 
-0.00283742 
-0.00283742 
-0.00283742 
-0.00283742 
-0.00283742 
-0.00283742 
-0.00283742 
-0.00283742 
-0.00283742 
-0.00283742 
-0.00283742 
-0.00283742 
-0.00283742 
-0.00283742 
-0.00283742 
-0.00283742 
-0.00283742 
-0.00283742 
-0.00283742 
-0.00283742 
-0.00283742 
-0.00283742 
-0.00283742 
-0.00283742 
-0.00283742 
-0.00283742 
-0.00283742 
-0.00283742 
-0.00283742 
-0.00283742 
-0.00283742 
-0.00283742 
-0.00283742 
-0.00283742 
-0.00283742 
-0.00283742 
-0.00283742 
-0.00283742 
-0.00283742 
-0.00283742 
-0.00283742 
-0.00283742 
-0.00283742 
-0.00283742 
-0.00283742 
-0.00283742 
-0.00283742 
-0.00283742 
-0.00283742 
-0.00283742 
-0.00283742 
-0.00283742 
-0.00283742 
-0.00283742 
-0.00283742 
-0.00283742 
-0.00283742 
-0.00283742 
-0.00283742 
-0.00283742 
-0.00283742 
-0.00283742 
-0.00283742 
-0.00283742 
-0.00283742 
-0.00283742 
-0.00283742 
-0.00283742 
-0.00283742 
-0.00283742 
-0.00283742 
-0.00283742 
-0.00283742 
-0.00283742 
-0.00283742 
-0.00283742 
-0.00283742 
-0.00283742 
-0.00283742 
-0.00283742 
-0.00283742 
-0.00283742 
-0.00283742 
-0.00283742 
-0.00283742 
-0.00283742 
-0.00283742 
-0.00283742 
-0.00283742 
-0.00283742 
-0.00283742 
-0.00283742 
-0.00283742 
-0.00283742 
-0.00283742 
-0.00283742 
-0.00283742 
-0.00283742 
-0.00283742 
-0.00283742 
-0.00283742 
-0.00283742 
-0.00283742 
-0.00283742 
-0.00283742 
-0.00283742 
-0.00283742 
-0.00283742 
-0.00283742 
-0.00283742 
-0.00283742 
-0.00283742 
-0.00283742 
-0.00283742 
-0.00283742 
-0.00283742 
-0.00283742 
-0.00283742 
-0.00283742 
-0.00283742 
-0.00283742 
-0.00283742 
-0.00283742 
-0.00283742 
-0.00283742 
-0.00283742 
-0.00283742 
-0.00283742 
-0.00283742 
-0.00283742 
-0.00283742 
-0.00283742 
-0.00283742 
-0.00283742 
-0.00283742 
-0.00283742 
-0.00283742 
-0.00283742 
-0.00283742 
-0.00283742 
-0.00283742 
-0.00283742 
-0.00283742 
-0.00283742 
-0.00283742 
-0.00283742 
-0.00283742 
-0.00283742 
-0.00283742 
-0.00283742 
-0.00283742 
-0.00283742 
-0.00283742 
-0.00283742 
-0.00283742 
-0.00283742 
-0.00283742 
-0.00283742 
-0.00283742 
-0.00283742 
-0.00283742 
-0.00283742 
-0.00283742 
-0.00283742 
-0.00283742 
-0.00283742 
-0.00283742 
-0.00283742 
-0.00283742 
-0.00283742 
-0.00283742 
-0.00283742 
-0.00283742 
-0.00283742 
-0.00283742 
-0.00283742 
-0.00283742 
-0.00283742 
-0.00283742 
-0.00283742 
-0.00283742 
-0.00283742 
-0.00283742 
-0.00283742 
-0.00283742 
-0.00283742 
-0.00283742 
-0.00283742 
-0.00283742 
-0.00283742 
-0.00283742 
-0.00283742 
-0.00283742 
-0.00283742 
-0.00283742 
-0.00283742 
-0.00283742 
-0.00283742 
-0.00283742 
-0.00283742 
-0.00283742 
-0.00283742 
-0.00283742 
-0.00283742 
-0.00283742 
-0.00283742 
-0.00283742 
-0.00283742 
-0.00283742 
-0.00283742 
-0.00283742 
-0.00283742 
-0.00283742 
-0.00283742 
-0.00283742 
-0.00283742 
-0.00283742 
-0.00283742 
-0.00283742 
-0.00283742 
-0.00283742 
-0.00283742 
-0.00283742 
-0.00283742 
-0.00283742 
-0.00283742 
-0.00283742 
-0.00283742 
-0.00283742 
-0.00283742 
-0.00283742 
-0.00283742 
-0.00283742 
-0.00283742 
-0.00283742 
-0.00283742 
-0.00283742 
-0.00283742 
-0.00283742 
-0.00283742 
-0.00283742 
-0.00283742 
-0.00283742 
-0.00283742 
-0.00283742 
-0.00283742 
-0.00283742 
-0.00283742 
-0.00283742 
-0.00283742 
-0.00283742 
-0.00283742 
-0.00283742 
-0.00283742 
-0.00283742 
-0.00283742 
-0.00283742 
-0.00283742 
-0.00283742 
-0.00283742 
-0.00283742 
-0.00283742 
-0.00283742 
-0.00283742 
-0.00283742 
-0.00283742 
-0.00283742 
-0.00283742 
-0.00283742 
-0.00283742 
-0.00283742 
-0.00283742 
-0.00283742 
-0.00283742 
-0.00283742 
-0.00283742 
-0.00283742 
-0.00283742 
-0.00283742 
-0.00283742 
-0.00283742 
-0.00283742 
-0.00283742 
-0.00283742 
-0.00283742 
-0.00283742 
-0.00283742 
-0.00283742 
-0.00283742 
-0.00283742 
-0.00283742 
-0.00283742 
-0.00283742 
-0.00283742 
-0.00283742 
-0.00283742 
-0.00283742 
-0.00283742 
-0.00283742 
-0.00283742 
-0.00283742 
-0.00283742 
-0.00283742 
-0.00283742 
-0.00283742 
-0.00283742 
-0.00283742 
-0.00283742 
-0.00283742 
-0.00283742 
-0.00283742 
-0.00283742 
-0.00283742 
-0.00283742 
-0.00283742 
-0.00283742 
-0.00283742 
-0.00283742 
-0.00283742 
-0.00283742 
-0.00283742 
-0.00283742 
-0.00283742 
-0.00283742 
-0.00283742 
-0.00283742 
-0.00283742 
-0.00283742 
-0.00283742 
-0.00283742 
-0.00283742 
-0.00283742 
-0.00283742 
-0.00283742 
-0.00283742 
-0.00283742 
-0.00283742 
-0.00283742 
-0.00283742 
-0.00283742 
-0.00283742 
-0.00283742 
-0.00283742 
-0.00283742 
-0.00283742 
-0.00283742 
-0.00283742 
-0.00283742 
-0.00283742 
-0.00283742 
-0.00283742 
-0.00283742 
-0.00283742 
-0.00283742 
-0.00283742 
-0.00283742 
-0.00283742 
-0.00283742 
-0.00283742 
-0.00283742 
-0.00283742 
-0.00283742 
-0.00283742 
-0.00283742 
-0.00283742 
-0.00283742 
-0.00283742 
-0.00283742 
-0.00283742 
-0.00283742 
-0.00283742 
-0.00283742 
-0.00283742 
-0.00283742 
-0.00283742 
-0.00283742 
-0.00283742 
-0.00283742 
-0.00283742 
-0.00283742 
-0.00283742 
-0.00283742 
-0.00283742 
-0.00283742 
-0.00283742 
-0.00283742 
-0.00283742 
-0.00283742 
-0.00283742 
-0.00283742 
-0.00283742 
-0.00283742 
-0.00283742 
-0.00283742 
-0.00283742 
-0.00283742 
-0.00283742 
-0.00283742 
-0.00283742 
-0.00283742 
-0.00283742 
-0.00283742 
-0.00283742 
-0.00283742 
-0.00283742 
-0.00283742 
-0.00283742 
-0.00283742 
-0.00283742 
-0.00283742 
-0.00283742 
-0.00283742 
-0.00283742 
-0.00283742 
-0.00283742 
-0.00283742 
-0.00283742 
-0.00283742 
-0.00283742 
-0.00283742 
-0.00283742 
-0.00283742 
-0.00283742 
-0.00283742 
-0.00283742 
-0.00283742 
-0.00283742 
-0.00283742 
-0.00283742 
-0.00283742 
-0.00283742 
-0.00283742 
-0.00283742 
-0.00283742 
-0.00283742 
-0.00283742 
-0.00283742 
-0.00283742 
-0.00283742 
-0.00283742 
-0.00283742 
-0.00283742 
-0.00283742 
-0.00283742 
-0.00283742 
-0.00283742 
-0.00283742 
-0.00283742 
-0.00283742 
-0.00283742 
-0.00283742 
-0.00283742 
-0.00283742 
-0.00283742 
-0.00283742 
-0.00283742 
-0.00283742 
-0.00283742 
-0.00283742 
-0.00283742 
-0.00283742 
-0.00283742 
-0.00283742 
-0.00283742 
-0.00283742 
-0.00283742 
-0.00283742 
-0.00283742 
-0.00283742 
-0.00283742 
-0.00283742 
-0.00283742 
-0.00283742 
-0.00283742 
-0.00283742 
-0.00283742 
-0.00283742 
-0.00283742 
-0.00283742 
-0.00283742 
-0.00283742 
-0.00283742 
-0.00283742 
-0.00283742 
-0.00283742 
-0.00283742 
-0.00283742 
-0.00283742 
-0.00283742 
-0.00283742 
-0.00283742 
-0.00283742 
-0.00283742 
-0.00283742 
-0.00283742 
-0.00283742 
-0.00283742 
-0.00283742 
-0.00283742 
-0.00283742 
-0.00283742 
-0.00283742 
-0.00283742 
-0.00283742 
-0.00283742 
-0.00283742 
-0.00283742 
-0.00283742 
-0.00283742 
-0.00283742 
-0.00283742 
-0.00283742 
-0.00283742 
-0.00283742 
-0.00283742 
-0.00283742 
-0.00283742 
-0.00283742 
-0.00283742 
-0.00283742 
-0.00283742 
-0.00283742 
-0.00283742 
-0.00283742 
-0.00283742 
-0.00283742 
-0.00283742 
-0.00283742 
-0.00283742 
-0.00283742 
-0.00283742 
-0.00283742 
-0.00283742 
-0.00283742 
-0.00283742 
-0.00283742 
-0.00283742 
-0.00283742 
-0.00283742 
-0.00283742 
-0.00283742 
-0.00283742 
-0.00283742 
-0.00283742 
-0.00283742 
-0.00283742 
-0.00283742 
-0.00283742 
-0.00283742 
-0.00283742 
-0.00283742 
-0.00283742 
-0.00283742 
-0.00283742 
-0.00283742 
-0.00283742 
-0.00283742 
-0.00283742 
-0.00283742 
-0.00283742 
-0.00283742 
-0.00283742 
-0.00283742 
-0.00283742 
-0.00283742 
-0.00283742 
-0.00283742 
-0.00283742 
-0.00283742 
-0.00283742 
-0.00283742 
-0.00283742 
-0.00283742 
-0.00283742 
-0.00283742 
-0.00283742 
-0.00283742 
-0.00283742 
-0.00283742 
-0.00283742 
-0.00283742 
-0.00283742 
-0.00283742 
-0.00283742 
-0.00283742 
-0.00283742 
-0.00283742 
-0.00283742 
-0.00283742 
-0.00283742 
-0.00283742 
-0.00283742 
-0.00283742 
-0.00283742 
-0.00283742 
-0.00283742 
-0.00283742 
-0.00283742 
-0.00283742 
-0.00283742 
-0.00283742 
-0.00283742 
-0.00283742 
-0.00283742 
-0.00283742 
-0.00283742 
-0.00283742 
-0.00283742 
-0.00283742 
-0.00283742 
-0.00283742 
-0.00283742 
-0.00283742 
-0.00283742 
-0.00283742 
-0.00283742 
-0.00283742 
-0.00283742 
-0.00283742 
-0.00283742 
-0.00283742 
-0.00283742 
-0.00283742 
-0.00283742 
-0.00283742 
-0.00283742 
-0.00283742 
-0.00283742 
-0.00283742 
-0.00283742 
-0.00283742 
-0.00283742 
-0.00283742 
-0.00283742 
-0.00283742 
-0.00283742 
-0.00283742 
-0.00283742 
-0.00283742 
-0.00283742 
-0.00283742 
-0.00283742 
-0.00283742 
-0.00283742 
-0.00283742 
-0.00283742 
-0.00283742 
-0.00283742 
-0.00283742 
-0.00283742 
-0.00283742 
-0.00283742 
-0.00283742 
-0.00283742 
-0.00283742 
-0.00283742 
-0.00283742 
-0.00283742 
-0.00283742 
-0.00283742 
-0.00283742 
-0.00283742 
-0.00283742 
-0.00283742 
-0.00283742 
-0.00283742 
-0.00283742 
-0.00283742 
-0.00283742 
-0.00283742 
-0.00283742 
-0.00283742 
-0.00283742 
-0.00283742 
-0.00283742 
-0.00283742 
-0.00283742 
-0.00283742 
-0.00283742 
-0.00283742 
-0.00283742 
-0.00283742 
-0.00283742 
-0.00283742 
-0.00283742 
-0.00283742 
-0.00283742 
-0.00283742 
-0.00283742 
-0.00283742 
-0.00283742 
-0.00283742 
-0.00283742 
-0.00283742 
-0.00283742 
-0.00283742 
-0.00283742 
-0.00283742 
-0.00283742 
-0.00283742 
-0.00283742 
-0.00283742 
-0.00283742 
-0.00283742 
-0.00283742 
-0.00283742 
-0.00283742 
-0.00283742 
-0.00283742 
-0.00283742 
-0.00283742 
-0.00283742 
-0.00283742 
-0.00283742 
-0.00283742 
-0.00283742 
-0.00283742 
-0.00283742 
-0.00283742 
-0.00283742 
-0.00283742 
-0.00283742 
-0.00283742 
-0.00283742 
-0.00283742 
-0.00283742 
-0.00283742 
-0.00283742 
-0.00283742 
-0.00283742 
-0.00283742 
-0.00283742 
-0.00283742 
-0.00283742 
-0.00283742 
-0.00283742 
-0.00283742 
-0.00283742 
-0.00283742 
-0.00283742 
-0.00283742 
-0.00283742 
-0.00283742 
-0.00283742 
-0.00283742 
-0.00283742 
-0.00283742 
-0.00283742 
-0.00283742 
-0.00283742 
-0.00283742 
-0.00283742 
-0.00283742 
-0.00283742 
-0.00283742 
-0.00283742 
-0.00283742 
-0.00283742 
-0.00283742 
-0.00283742 
-0.00283742 
-0.00283742 
-0.00283742 
-0.00283742 
-0.00283742 
-0.00283742 
-0.00283742 
-0.00283742 
-0.00283742 
-0.00283742 
-0.00283742 
-0.00283742 
-0.00283742 
-0.00283742 
-0.00283742 
-0.00283742 
-0.00283742 
-0.00283742 
-0.00283742 
-0.00283742 
-0.00283742 
-0.00283742 
-0.00283742 
-0.00283742 
-0.00283742 
-0.00283742 
-0.00283742 
-0.00283742 
-0.00283742 
-0.00283742 
-0.00283742 
-0.00283742 
-0.00283742 
-0.00283742 
-0.00283742 
-0.00283742 
-0.00283742 
-0.00283742 
-0.00283742 
-0.00283742 
-0.00283742 
-0.00283742 
-0.00283742 
-0.00283742 
-0.00283742 
-0.00283742 
-0.00283742 
-0.00283742 
-0.00283742 
-0.00283742 
-0.00283742 
-0.00283742 
-0.00283742 
-0.00283742 
-0.00283742 
-0.00283742 
-0.00283742 
-0.00283742 
-0.00283742 
-0.00283742 
-0.00283742 
-0.00283742 
-0.00283742 
-0.00283742 
-0.00283742 
-0.00283742 
-0.00283742 
-0.00283742 
-0.00283742 
-0.00283742 
-0.00283742 
-0.00283742 
-0.00283742 
-0.00283742 
-0.00283742 
-0.00283742 
-0.00283742 
-0.00283742 
-0.00283742 
-0.00283742 
-0.00283742 
-0.00283742 
-0.00283742 
-0.00283742 
-0.00283742 
-0.00283742 
-0.00283742 
-0.00283742 
-0.00283742 
-0.00283742 
-0.00283742 
-0.00283742 
-0.00283742 
-0.00283742 
-0.00283742 
-0.00283742 
-0.00283742 
-0.00283742 
-0.00283742 
-0.00283742 
-0.00283742 
-0.00283742 
-0.00283742 
-0.00283742 
-0.00283742 
-0.00283742 
-0.00283742 
-0.00283742 
-0.00283742 
-0.00283742 
-0.00283742 
-0.00283742 
-0.00283742 
-0.00283742 
-0.00283742 
-0.00283742 
-0.00283742 
-0.00283742 
-0.00283742 
-0.00283742 
-0.00283742 
-0.00283742 
-0.00283742 
-0.00283742 
-0.00283742 
-0.00283742 
-0.00283742 
-0.00283742 
-0.00283742 
-0.00283742 
-0.00283742 
-0.00283742 
-0.00283742 
-0.00283742 
-0.00283742 
-0.00283742 
-0.00283742 
-0.00283742 
-0.00283742 
-0.00283742 
-0.00283742 
-0.00283742 
-0.00283742 
-0.00283742 
-0.00283742 
-0.00283742 
-0.00283742 
-0.00283742 
-0.00283742 
-0.00283742 
-0.00283742 
-0.00283742 
-0.00283742 
-0.00283742 
-0.00283742 
-0.00283742 
-0.00283742 
-0.00283742 
-0.00283742 
-0.00283742 
-0.00283742 
-0.00283742 
-0.00283742 
-0.00283742 
-0.00283742 
-0.00283742 
-0.00283742 
-0.00283742 
-0.00283742 
-0.00283742 
-0.00283742 
-0.00283742 
-0.00283742 
-0.00283742 
-0.00283742 
-0.00283742 
-0.00283742 
-0.00283742 
-0.00283742 
-0.00283742 
-0.00283742 
-0.00283742 
-0.00283742 
-0.00283742 
-0.00283742 
-0.00283742 
-0.00283742 
-0.00283742 
-0.00283742 
-0.00283742 
-0.00283742 
-0.00283742 
-0.00283742 
-0.00283742 
-0.00283742 
-0.00283742 
-0.00283742 
-0.00283742 
-0.00283742 
-0.00283742 
-0.00283742 
-0.00283742 
-0.00283742 
-0.00283742 
-0.00283742 
-0.00283742 
-0.00283742 
-0.00283742 
-0.00283742 
-0.00283742 
-0.00283742 
-0.00283742 
-0.00283742 
-0.00283742 
-0.00283742 
-0.00283742 
-0.00283742 
-0.00283742 
-0.00283742 
-0.00283742 
-0.00283742 
-0.00283742 
-0.00283742 
-0.00283742 
-0.00283742 
-0.00283742 
-0.00283742 
-0.00283742 
-0.00283742 
-0.00283742 
-0.00283742 
-0.00283742 
-0.00283742 
-0.00283742 
-0.00283742 
-0.00283742 
-0.00283742 
-0.00283742 
-0.00283742 
-0.00283742 
-0.00283742 
-0.00283742 
-0.00283742 
-0.00283742 
-0.00283742 
-0.00283742 
-0.00283742 
-0.00283742 
-0.00283742 
-0.00283742 
-0.00283742 
-0.00283742 
-0.00283742 
-0.00283742 
-0.00283742 
-0.00283742 
-0.00283742 
-0.00283742 
-0.00283742 
-0.00283742 
-0.00283742 
-0.00283742 
-0.00283742 
-0.00283742 
-0.00283742 
-0.00283742 
-0.00283742 
-0.00283742 
-0.00283742 
-0.00283742 
-0.00283742 
-0.00283742 
-0.00283742 
-0.00283742 
-0.00283742 
-0.00283742 
-0.00283742 
-0.00283742 
-0.00283742 
-0.00283742 
-0.00283742 
-0.00283742 
-0.00283742 
-0.00283742 
-0.00283742 
-0.00283742 
-0.00283742 
-0.00283742 
-0.00283742 
-0.00283742 
-0.00283742 
-0.00283742 
-0.00283742 
-0.00283742 
-0.00283742 
-0.00283742 
-0.00283742 
-0.00283742 
-0.00283742 
-0.00283742 
-0.00283742 
-0.00283742 
-0.00283742 
-0.00283742 
-0.00283742 
-0.00283742 
-0.00283742 
-0.00283742 
-0.00283742 
-0.00283742 
-0.00283742 
-0.00283742 
-0.00283742 
-0.00283742 
-0.00283742 
-0.00283742 
-0.00283742 
-0.00283742 
-0.00283742 
-0.00283742 
-0.00283742 
-0.00283742 
-0.00283742 
-0.00283742 
-0.00283742 
-0.00283742 
-0.00283742 
-0.00283742 
-0.00283742 
-0.00283742 
-0.00283742 
-0.00283742 
-0.00283742 
-0.00283742 
-0.00283742 
-0.00283742 
-0.00283742 
-0.00283742 
-0.00283742 
-0.00283742 
-0.00283742 
-0.00283742 
-0.00283742 
-0.00283742 
-0.00283742 
-0.00283742 
-0.00283742 
-0.00283742 
-0.00283742 
-0.00283742 
-0.00283742 
-0.00283742 
-0.00283742 
-0.00283742 
-0.00283742 
-0.00283742 
-0.00283742 
-0.00283742 
-0.00283742 
-0.00283742 
-0.00283742 
-0.00283742 
-0.00283742 
-0.00283742 
-0.00283742 
-0.00283742 
-0.00283742 
-0.00283742 
-0.00283742 
-0.00283742 
-0.00283742 
-0.00283742 
-0.00283742 
-0.00283742 
-0.00283742 
-0.00283742 
-0.00283742 
-0.00283742 
-0.00283742 
-0.00283742 
-0.00283742 
-0.00283742 
-0.00283742 
-0.00283742 
-0.00283742 
-0.00283742 
-0.00283742 
-0.00283742 
-0.00283742 
-0.00283742 
-0.00283742 
-0.00283742 
-0.00283742 
-0.00283742 
-0.00283742 
-0.00283742 
-0.00283742 
-0.00283742 
-0.00283742 
-0.00283742 
-0.00283742 
-0.00283742 
-0.00283742 
-0.00283742 
-0.00283742 
-0.00283742 
-0.00283742 
-0.00283742 
-0.00283742 
-0.00283742 
-0.00283742 
-0.00283742 
-0.00283742 
-0.00283742 
-0.00283742 
-0.00283742 
-0.00283742 
-0.00283742 
-0.00283742 
-0.00283742 
-0.00283742 
-0.00283742 
-0.00283742 
-0.00283742 
-0.00283742 
-0.00283742 
-0.00283742 
-0.00283742 
-0.00283742 
-0.00283742 
-0.00283742 
-0.00283742 
-0.00283742 
-0.00283742 
-0.00283742 
-0.00283742 
-0.00283742 
-0.00283742 
-0.00283742 
-0.00283742 
-0.00283742 
-0.00283742 
-0.00283742 
-0.00283742 
-0.00283742 
-0.00283742 
-0.00283742 
-0.00283742 
-0.00283742 
-0.00283742 
-0.00283742 
-0.00283742 
-0.00283742 
-0.00283742 
-0.00283742 
-0.00283742 
-0.00283742 
-0.00283742 
-0.00283742 
-0.00283742 
-0.00283742 
-0.00283742 
-0.00283742 
-0.00283742 
-0.00283742 
-0.00283742 
-0.00283742 
-0.00283742 
-0.00283742 
-0.00283742 
-0.00283742 
-0.00283742 
-0.00283742 
-0.00283742 
-0.00283742 
-0.00283742 
-0.00283742 
-0.00283742 
-0.00283742 
-0.00283742 
-0.00283742 
-0.00283742 
-0.00283742 
-0.00283742 
-0.00283742 
-0.00283742 
-0.00283742 
-0.00283742 
-0.00283742 
-0.00283742 
-0.00283742 
-0.00283742 
-0.00283742 
-0.00283742 
-0.00283742 
-0.00283742 
-0.00283742 
-0.00283742 
-0.00283742 
-0.00283742 
-0.00283742 
-0.00283742 
-0.00283742 
-0.00283742 
-0.00283742 
-0.00283742 
-0.00283742 
-0.00283742 
-0.00283742 
-0.00283742 
-0.00283742 
-0.00283742 
-0.00283742 
-0.00283742 
-0.00283742 
-0.00283742 
-0.00283742 
-0.00283742 
-0.00283742 
-0.00283742 
-0.00283742 
-0.00283742 
-0.00283742 
-0.00283742 
-0.00283742 
-0.00283742 
-0.00283742 
-0.00283742 
-0.00283742 
-0.00283742 
-0.00283742 
-0.00283742 
-0.00283742 
-0.00283742 
-0.00283742 
-0.00283742 
-0.00283742 
-0.00283742 
-0.00283742 
-0.00283742 
-0.00283742 
-0.00283742 
-0.00283742 
-0.00283742 
-0.00283742 
-0.00283742 
-0.00283742 
-0.00283742 
-0.00283742 
-0.00283742 
-0.00283742 
-0.00283742 
-0.00283742 
-0.00283742 
-0.00283742 
-0.00283742 
-0.00283742 
-0.00283742 
-0.00283742 
-0.00283742 
-0.00283742 
-0.00283742 
-0.00283742 
-0.00283742 
-0.00283742 
-0.00283742 
-0.00283742 
-0.00283742 
-0.00283742 
-0.00283742 
-0.00283742 
-0.00283742 
-0.00283742 
-0.00283742 
-0.00283742 
-0.00283742 
-0.00283742 
-0.00283742 
-0.00283742 
-0.00283742 
-0.00283742 
-0.00283742 
-0.00283742 
-0.00283742 
-0.00283742 
-0.00283742 
-0.00283742 
-0.00283742 
-0.00283742 
-0.00283742 
-0.00283742 
-0.00283742 
-0.00283742 
-0.00283742 
-0.00283742 
-0.00283742 
-0.00283742 
-0.00283742 
-0.00283742 
-0.00283742 
-0.00283742 
-0.00283742 
-0.00283742 
-0.00283742 
-0.00283742 
-0.00283742 
-0.00283742 
-0.00283742 
-0.00283742 
-0.00283742 
-0.00283742 
-0.00283742 
-0.00283742 
-0.00283742 
-0.00283742 
-0.00283742 
-0.00283742 
-0.00283742 
-0.00283742 
-0.00283742 
-0.00283742 
-0.00283742 
-0.00283742 
-0.00283742 
-0.00283742 
-0.00283742 
-0.00283742 
-0.00283742 
-0.00283742 
-0.00283742 
-0.00283742 
-0.00283742 
-0.00283742 
-0.00283742 
-0.00283742 
-0.00283742 
-0.00283742 
-0.00283742 
-0.00283742 
-0.00283742 
-0.00283742 
-0.00283742 
-0.00283742 
-0.00283742 
-0.00283742 
-0.00283742 
-0.00283742 
-0.00283742 
-0.00283742 
-0.00283742 
-0.00283742 
-0.00283742 
-0.00283742 
-0.00283742 
-0.00283742 
-0.00283742 
-0.00283742 
-0.00283742 
-0.00283742 
-0.00283742 
-0.00283742 
-0.00283742 
-0.00283742 
-0.00283742 
-0.00283742 
-0.00283742 
-0.00283742 
-0.00283742 
-0.00283742 
-0.00283742 
-0.00283742 
-0.00283742 
-0.00283742 
-0.00283742 
-0.00283742 
-0.00283742 
-0.00283742 
-0.00283742 
-0.00283742 
-0.00283742 
-0.00283742 
-0.00283742 
-0.00283742 
-0.00283742 
-0.00283742 
-0.00283742 
-0.00283742 
-0.00283742 
-0.00283742 
-0.00283742 
-0.00283742 
-0.00283742 
-0.00283742 
-0.00283742 
-0.00283742 
-0.00283742 
-0.00283742 
-0.00283742 
-0.00283742 
-0.00283742 
-0.00283742 
-0.00283742 
-0.00283742 
-0.00283742 
-0.00283742 
-0.00283742 
-0.00283742 
-0.00283742 
-0.00283742 
-0.00283742 
-0.00283742 
-0.00283742 
-0.00283742 
-0.00283742 
-0.00283742 
-0.00283742 
-0.00283742 
-0.00283742 
-0.00283742 
-0.00283742 
-0.00283742 
-0.00283742 
-0.00283742 
-0.00283742 
-0.00283742 
-0.00283742 
-0.00283742 
-0.00283742 
-0.00283742 
-0.00283742 
-0.00283742 
-0.00283742 
-0.00283742 
-0.00283742 
-0.00283742 
-0.00283742 
-0.00283742 
-0.00283742 
-0.00283742 
-0.00283742 
-0.00283742 
-0.00283742 
-0.00283742 
-0.00283742 
-0.00283742 
-0.00283742 
-0.00283742 
-0.00283742 
-0.00283742 
-0.00283742 
-0.00283742 
-0.00283742 
-0.00283742 
-0.00283742 
-0.00283742 
-0.00283742 
-0.00283742 
-0.00283742 
-0.00283742 
-0.00283742 
-0.00283742 
-0.00283742 
-0.00283742 
-0.00283742 
-0.00283742 
-0.00283742 
-0.00283742 
-0.00283742 
-0.00283742 
-0.00283742 
-0.00283742 
-0.00283742 
-0.00283742 
-0.00283742 
-0.00283742 
-0.00283742 
-0.00283742 
-0.00283742 
-0.00283742 
-0.00283742 
-0.00283742 
-0.00283742 
-0.00283742 
-0.00283742 
-0.00283742 
-0.00283742 
-0.00283742 
-0.00283742 
-0.00283742 
-0.00283742 
-0.00283742 
-0.00283742 
-0.00283742 
-0.00283742 
-0.00283742 
-0.00283742 
-0.00283742 
-0.00283742 
-0.00283742 
-0.00283742 
-0.00283742 
-0.00283742 
-0.00283742 
-0.00283742 
-0.00283742 
-0.00283742 
-0.00283742 
-0.00283742 
-0.00283742 
-0.00283742 
-0.00283742 
-0.00283742 
-0.00283742 
