-0.05999999866 
-0.0600082 
-0.0600122 
-0.0600148 
-0.0600163 
-0.0600171 
-0.0600174 
-0.0600172 
-0.0600168 
-0.060016 
-0.0600151 
-0.060014 
-0.0600127 
-0.0600113 
-0.0600097 
-0.0600081 
-0.0600064 
-0.0600046 
-0.0600028 
-0.0600009 
-0.0599989 
-0.0599969 
-0.0599948 
-0.0599927 
-0.0599905 
-0.0599883 
-0.0599861 
-0.0599839 
-0.0599816 
-0.0599793 
-0.059977 
-0.0599746 
-0.0599723 
-0.05997 
-0.0599676 
-0.0599653 
-0.059963 
-0.0599606 
-0.0599583 
-0.059956 
-0.0599536 
-0.0599513 
-0.059949 
-0.0599467 
-0.0599444 
-0.0599421 
-0.0599399 
-0.0599376 
-0.0599354 
-0.0599331 
-0.0599309 
-0.0599286 
-0.0599263 
-0.0599241 
-0.0599218 
-0.0599195 
-0.0599173 
-0.059915 
-0.0599128 
-0.0599105 
-0.0599083 
-0.0599061 
-0.0599039 
-0.0599017 
-0.0598995 
-0.0598973 
-0.0598952 
-0.059893 
-0.0598909 
-0.0598888 
-0.0598867 
-0.0598846 
-0.0598826 
-0.0598805 
-0.0598785 
-0.0598765 
-0.0598745 
-0.0598726 
-0.0598706 
-0.0598687 
-0.0598668 
-0.0598649 
-0.0598629 
-0.059861 
-0.0598591 
-0.0598572 
-0.0598552 
-0.0598533 
-0.0598514 
-0.0598495 
-0.0598476 
-0.0598457 
-0.0598439 
-0.059842 
-0.0598402 
-0.0598383 
-0.0598365 
-0.0598347 
-0.0598329 
-0.0598311 
-0.0598294 
-0.0598276 
-0.0598259 
-0.0598242 
-0.0598225 
-0.0598208 
-0.0598191 
-0.0598175 
-0.0598159 
-0.0598142 
-0.0598126 
-0.0598111 
-0.0598095 
-0.0598079 
-0.0598064 
-0.0598049 
-0.0598034 
-0.0598019 
-0.0598004 
-0.059799 
-0.0597975 
-0.059796 
-0.0597945 
-0.059793 
-0.0597915 
-0.0597901 
-0.0597886 
-0.0597871 
-0.0597856 
-0.0597842 
-0.0597827 
-0.0597813 
-0.0597798 
-0.0597784 
-0.059777 
-0.0597756 
-0.0597742 
-0.0597728 
-0.0597714 
-0.0597701 
-0.0597687 
-0.0597674 
-0.0597661 
-0.0597648 
-0.0597635 
-0.0597622 
-0.0597609 
-0.0597597 
-0.0597584 
-0.0597572 
-0.059756 
-0.0597548 
-0.0597536 
-0.0597524 
-0.0597512 
-0.0597501 
-0.0597489 
-0.0597478 
-0.0597467 
-0.0597456 
-0.0597445 
-0.0597435 
-0.0597424 
-0.0597414 
-0.0597403 
-0.0597393 
-0.0597383 
-0.0597373 
-0.0597363 
-0.0597353 
-0.0597344 
-0.0597334 
-0.0597325 
-0.0597315 
-0.0597306 
-0.0597296 
-0.0597286 
-0.0597276 
-0.0597266 
-0.0597256 
-0.0597246 
-0.0597236 
-0.0597226 
-0.0597217 
-0.0597207 
-0.0597197 
-0.0597187 
-0.0597178 
-0.0597168 
-0.0597159 
-0.0597149 
-0.059714 
-0.059713 
-0.0597121 
-0.0597112 
-0.0597103 
-0.0597094 
-0.0597085 
-0.0597076 
-0.0597067 
-0.0597059 
-0.059705 
-0.0597042 
-0.0597033 
-0.0597025 
-0.0597017 
-0.0597009 
-0.0597001 
-0.0596993 
-0.0596985 
-0.0596977 
-0.059697 
-0.0596962 
-0.0596955 
-0.0596947 
-0.059694 
-0.0596933 
-0.0596926 
-0.0596919 
-0.0596912 
-0.0596905 
-0.0596898 
-0.0596891 
-0.0596885 
-0.0596878 
-0.0596872 
-0.0596866 
-0.0596859 
-0.0596853 
-0.0596847 
-0.0596841 
-0.0596835 
-0.0596829 
-0.0596824 
-0.0596818 
-0.0596812 
-0.0596807 
-0.0596802 
-0.0596796 
-0.0596791 
-0.0596786 
-0.0596781 
-0.0596776 
-0.0596771 
-0.0596766 
-0.0596761 
-0.0596756 
-0.0596751 
-0.0596747 
-0.0596742 
-0.0596738 
-0.0596733 
-0.0596729 
-0.0596725 
-0.0596721 
-0.0596716 
-0.0596712 
-0.0596708 
-0.0596704 
-0.05967 
-0.0596697 
-0.0596693 
-0.0596689 
-0.0596685 
-0.0596682 
-0.0596678 
-0.0596675 
-0.0596671 
-0.0596668 
-0.0596665 
-0.0596661 
-0.0596657 
-0.0596653 
-0.0596649 
-0.0596645 
-0.059664 
-0.0596636 
-0.0596632 
-0.0596627 
-0.0596622 
-0.0596618 
-0.0596613 
-0.0596609 
-0.0596604 
-0.0596599 
-0.0596595 
-0.059659 
-0.0596585 
-0.0596581 
-0.0596576 
-0.0596572 
-0.0596567 
-0.0596563 
-0.0596558 
-0.0596554 
-0.0596549 
-0.0596545 
-0.059654 
-0.0596536 
-0.0596532 
-0.0596527 
-0.0596523 
-0.0596519 
-0.0596515 
-0.0596511 
-0.0596507 
-0.0596503 
-0.0596499 
-0.0596495 
-0.0596491 
-0.0596487 
-0.0596483 
-0.0596479 
-0.0596476 
-0.0596472 
-0.0596468 
-0.0596465 
-0.0596461 
-0.0596458 
-0.0596454 
-0.0596451 
-0.0596447 
-0.0596444 
-0.0596441 
-0.0596437 
-0.0596434 
-0.0596431 
-0.0596428 
-0.0596425 
-0.0596422 
-0.0596419 
-0.0596416 
-0.0596413 
-0.059641 
-0.0596407 
-0.0596405 
-0.0596402 
-0.0596399 
-0.0596397 
-0.0596394 
-0.0596391 
-0.0596389 
-0.0596386 
-0.0596384 
-0.0596382 
-0.0596379 
-0.0596377 
-0.0596375 
-0.0596372 
-0.059637 
-0.0596368 
-0.0596366 
-0.0596364 
-0.0596362 
-0.059636 
-0.0596358 
-0.0596356 
-0.0596354 
-0.0596352 
-0.059635 
-0.0596348 
-0.0596346 
-0.0596345 
-0.0596343 
-0.0596341 
-0.0596339 
-0.0596338 
-0.0596336 
-0.0596335 
-0.0596333 
-0.0596332 
-0.059633 
-0.0596329 
-0.0596327 
-0.0596326 
-0.0596324 
-0.0596323 
-0.0596322 
-0.059632 
-0.0596319 
-0.0596318 
-0.0596317 
-0.0596315 
-0.0596314 
-0.0596313 
-0.0596312 
-0.0596311 
-0.059631 
-0.0596309 
-0.0596308 
-0.0596307 
-0.0596306 
-0.0596305 
-0.0596304 
-0.0596303 
-0.0596302 
-0.0596301 
-0.05963 
-0.0596299 
-0.0596298 
-0.0596298 
-0.0596297 
-0.0596296 
-0.0596295 
-0.0596295 
-0.0596294 
-0.0596293 
-0.0596293 
-0.0596292 
-0.0596291 
-0.0596291 
-0.059629 
-0.0596289 
-0.0596289 
-0.0596288 
-0.0596288 
-0.0596287 
-0.0596287 
-0.0596286 
-0.0596286 
-0.0596285 
-0.0596285 
-0.0596284 
-0.0596284 
-0.0596284 
-0.0596283 
-0.0596283 
-0.0596282 
-0.0596282 
-0.0596282 
-0.0596281 
-0.0596281 
-0.0596281 
-0.059628 
-0.059628 
-0.059628 
-0.059628 
-0.0596279 
-0.0596279 
-0.0596279 
-0.0596279 
-0.0596278 
-0.0596278 
-0.0596278 
-0.0596278 
-0.0596278 
-0.0596278 
-0.0596277 
-0.0596277 
-0.0596277 
-0.0596277 
-0.0596277 
-0.0596277 
-0.0596277 
-0.0596277 
-0.0596276 
-0.0596276 
-0.0596276 
-0.0596276 
-0.0596276 
-0.0596276 
-0.0596276 
-0.0596276 
-0.0596276 
-0.0596276 
-0.0596276 
-0.0596276 
-0.0596276 
-0.0596276 
-0.0596276 
-0.0596276 
-0.0596276 
-0.0596276 
-0.0596276 
-0.0596276 
-0.0596277 
-0.0596277 
-0.0596277 
-0.0596277 
-0.0596277 
-0.0596277 
-0.0596277 
-0.0596277 
-0.0596277 
-0.0596277 
-0.0596277 
-0.0596278 
-0.0596278 
-0.0596278 
-0.0596278 
-0.0596278 
-0.0596278 
-0.0596278 
-0.0596279 
-0.0596279 
-0.0596279 
-0.0596279 
-0.0596279 
-0.0596279 
-0.059628 
-0.059628 
-0.059628 
-0.059628 
-0.059628 
-0.0596281 
-0.0596281 
-0.0596281 
-0.0596281 
-0.0596282 
-0.0596282 
-0.0596282 
-0.0596282 
-0.0596282 
-0.0596283 
-0.0596283 
-0.0596283 
-0.0596283 
-0.0596284 
-0.0596284 
-0.0596284 
-0.0596284 
-0.0596285 
-0.0596285 
-0.0596285 
-0.0596285 
-0.0596286 
-0.0596286 
-0.0596286 
-0.0596286 
-0.0596287 
-0.0596287 
-0.0596287 
-0.0596288 
-0.0596288 
-0.0596288 
-0.0596288 
-0.0596289 
-0.0596289 
-0.0596289 
-0.059629 
-0.059629 
-0.059629 
-0.0596291 
-0.0596291 
-0.0596291 
-0.0596291 
-0.0596292 
-0.0596292 
-0.0596292 
-0.0596293 
-0.0596293 
-0.0596293 
-0.0596294 
-0.0596294 
-0.0596294 
-0.0596295 
-0.0596295 
-0.0596295 
-0.0596296 
-0.0596296 
-0.0596296 
-0.0596297 
-0.0596297 
-0.0596297 
-0.0596298 
-0.0596298 
-0.0596298 
-0.0596299 
-0.0596299 
-0.0596299 
-0.05963 
-0.05963 
-0.05963 
-0.0596301 
-0.0596301 
-0.0596301 
-0.0596302 
-0.0596302 
-0.0596302 
-0.0596303 
-0.0596303 
-0.0596303 
-0.0596304 
-0.0596304 
-0.0596304 
-0.0596305 
-0.0596305 
-0.0596306 
-0.0596306 
-0.0596306 
-0.0596307 
-0.0596307 
-0.0596307 
-0.0596308 
-0.0596308 
-0.0596308 
-0.0596309 
-0.0596309 
-0.0596309 
-0.059631 
-0.059631 
-0.0596311 
-0.0596311 
-0.0596311 
-0.0596312 
-0.0596312 
-0.0596312 
-0.0596313 
-0.0596313 
-0.0596313 
-0.0596314 
-0.0596314 
-0.0596314 
-0.0596315 
-0.0596315 
-0.0596316 
-0.0596316 
-0.0596316 
-0.0596317 
-0.0596317 
-0.0596317 
-0.0596318 
-0.0596318 
-0.0596318 
-0.0596319 
-0.0596319 
-0.059632 
-0.059632 
-0.059632 
-0.0596321 
-0.0596321 
-0.0596321 
-0.0596322 
-0.0596322 
-0.0596322 
-0.0596323 
-0.0596323 
-0.0596323 
-0.0596324 
-0.0596324 
-0.0596325 
-0.0596325 
-0.0596325 
-0.0596326 
-0.0596326 
-0.0596326 
-0.0596327 
-0.0596327 
-0.0596327 
-0.0596328 
-0.0596328 
-0.0596329 
-0.0596329 
-0.0596329 
-0.059633 
-0.059633 
-0.059633 
-0.0596331 
-0.0596331 
-0.0596331 
-0.0596332 
-0.0596332 
-0.0596332 
-0.0596333 
-0.0596333 
-0.0596334 
-0.0596334 
-0.0596334 
-0.0596335 
-0.0596335 
-0.0596335 
-0.0596336 
-0.0596336 
-0.0596336 
-0.0596337 
-0.0596337 
-0.0596337 
-0.0596338 
-0.0596338 
-0.0596339 
-0.0596339 
-0.0596339 
-0.059634 
-0.059634 
-0.059634 
-0.0596341 
-0.0596341 
-0.0596341 
-0.0596342 
-0.0596342 
-0.0596342 
-0.0596343 
-0.0596343 
-0.0596343 
-0.0596344 
-0.0596344 
-0.0596345 
-0.0596345 
-0.0596345 
-0.0596346 
-0.0596346 
-0.0596346 
-0.0596347 
-0.0596347 
-0.0596347 
-0.0596348 
-0.0596348 
-0.0596348 
-0.0596349 
-0.0596349 
-0.0596349 
-0.059635 
-0.059635 
-0.059635 
-0.0596351 
-0.0596351 
-0.0596351 
-0.0596352 
-0.0596352 
-0.0596352 
-0.0596353 
-0.0596353 
-0.0596353 
-0.0596354 
-0.0596354 
-0.0596354 
-0.0596355 
-0.0596355 
-0.0596355 
-0.0596356 
-0.0596356 
-0.0596356 
-0.0596357 
-0.0596357 
-0.0596357 
-0.0596358 
-0.0596358 
-0.0596358 
-0.0596359 
-0.0596359 
-0.0596359 
-0.059636 
-0.059636 
-0.059636 
-0.0596361 
-0.0596361 
-0.0596361 
-0.0596362 
-0.0596362 
-0.0596362 
-0.0596363 
-0.0596363 
-0.0596363 
-0.0596364 
-0.0596364 
-0.0596364 
-0.0596365 
-0.0596365 
-0.0596365 
-0.0596366 
-0.0596366 
-0.0596366 
-0.0596367 
-0.0596367 
-0.0596367 
-0.0596368 
-0.0596368 
-0.0596368 
-0.0596369 
-0.0596369 
-0.0596369 
-0.059637 
-0.059637 
-0.059637 
-0.0596371 
-0.0596371 
-0.0596371 
-0.0596372 
-0.0596372 
-0.0596372 
-0.0596372 
-0.0596373 
-0.0596373 
-0.0596373 
-0.0596374 
-0.0596374 
-0.0596374 
-0.0596375 
-0.0596375 
-0.0596375 
-0.0596376 
-0.0596376 
-0.0596376 
-0.0596377 
-0.0596377 
-0.0596377 
-0.0596377 
-0.0596378 
-0.0596378 
-0.0596378 
-0.0596379 
-0.0596379 
-0.0596379 
-0.059638 
-0.059638 
-0.059638 
-0.0596381 
-0.0596381 
-0.0596381 
-0.0596381 
-0.0596382 
-0.0596382 
-0.0596382 
-0.0596383 
-0.0596383 
-0.0596383 
-0.0596384 
-0.0596384 
-0.0596384 
-0.0596385 
-0.0596385 
-0.0596385 
-0.0596385 
-0.0596386 
-0.0596386 
-0.0596386 
-0.0596387 
-0.0596387 
-0.0596387 
-0.0596388 
-0.0596388 
-0.0596388 
-0.0596388 
-0.0596389 
-0.0596389 
-0.0596389 
-0.059639 
-0.059639 
-0.059639 
-0.059639 
-0.0596391 
-0.0596391 
-0.0596391 
-0.0596392 
-0.0596392 
-0.0596392 
-0.0596393 
-0.0596393 
-0.0596393 
-0.0596393 
-0.0596394 
-0.0596394 
-0.0596394 
-0.0596395 
-0.0596395 
-0.0596395 
-0.0596395 
-0.0596396 
-0.0596396 
-0.0596396 
-0.0596397 
-0.0596397 
-0.0596397 
-0.0596397 
-0.0596398 
-0.0596398 
-0.0596398 
-0.0596399 
-0.0596399 
-0.0596399 
-0.0596399 
-0.05964 
-0.05964 
-0.05964 
-0.0596401 
-0.0596401 
-0.0596401 
-0.0596401 
-0.0596402 
-0.0596402 
-0.0596402 
-0.0596403 
-0.0596403 
-0.0596403 
-0.0596403 
-0.0596404 
-0.0596404 
-0.0596404 
-0.0596405 
-0.0596405 
-0.0596405 
-0.0596405 
-0.0596406 
-0.0596406 
-0.0596406 
-0.0596407 
-0.0596407 
-0.0596407 
-0.0596407 
-0.0596408 
-0.0596408 
-0.0596408 
-0.0596408 
-0.0596409 
-0.0596409 
-0.0596409 
-0.059641 
-0.059641 
-0.059641 
-0.059641 
-0.0596411 
-0.0596411 
-0.0596411 
-0.0596411 
-0.0596412 
-0.0596412 
-0.0596412 
-0.0596413 
-0.0596413 
-0.0596413 
-0.0596413 
-0.0596414 
-0.0596414 
-0.0596414 
-0.0596414 
-0.0596415 
-0.0596415 
-0.0596415 
-0.0596415 
-0.0596416 
-0.0596416 
-0.0596416 
-0.0596417 
-0.0596417 
-0.0596417 
-0.0596417 
-0.0596418 
-0.0596418 
-0.0596418 
-0.0596418 
-0.0596419 
-0.0596419 
-0.0596419 
-0.0596419 
-0.059642 
-0.059642 
-0.059642 
-0.0596421 
-0.0596421 
-0.0596421 
-0.0596421 
-0.0596422 
-0.0596422 
-0.0596422 
-0.0596422 
-0.0596423 
-0.0596423 
-0.0596423 
-0.0596423 
-0.0596424 
-0.0596424 
-0.0596424 
-0.0596424 
-0.0596425 
-0.0596425 
-0.0596425 
-0.0596425 
-0.0596426 
-0.0596426 
-0.0596426 
-0.0596427 
-0.0596427 
-0.0596427 
-0.0596427 
-0.0596428 
-0.0596428 
-0.0596428 
-0.0596428 
-0.0596429 
-0.0596429 
-0.0596429 
-0.0596429 
-0.059643 
-0.059643 
-0.059643 
-0.059643 
-0.0596431 
-0.0596431 
-0.0596431 
-0.0596431 
-0.0596432 
-0.0596432 
-0.0596432 
-0.0596432 
-0.0596433 
-0.0596433 
-0.0596433 
-0.0596433 
-0.0596434 
-0.0596434 
-0.0596434 
-0.0596434 
-0.0596435 
-0.0596435 
-0.0596435 
-0.0596435 
-0.0596436 
-0.0596436 
-0.0596436 
-0.0596436 
-0.0596437 
-0.0596437 
-0.0596437 
-0.0596437 
-0.0596438 
-0.0596438 
-0.0596438 
-0.0596438 
-0.0596439 
-0.0596439 
-0.0596439 
-0.0596439 
-0.059644 
-0.059644 
-0.059644 
-0.059644 
-0.059644 
-0.0596441 
-0.0596441 
-0.0596441 
-0.0596441 
-0.0596442 
-0.0596442 
-0.0596442 
-0.0596442 
-0.0596443 
-0.0596443 
-0.0596443 
-0.0596443 
-0.0596444 
-0.0596444 
-0.0596444 
-0.0596444 
-0.0596445 
-0.0596445 
-0.0596445 
-0.0596445 
-0.0596446 
-0.0596446 
-0.0596446 
-0.0596446 
-0.0596447 
-0.0596447 
-0.0596447 
-0.0596447 
-0.0596447 
-0.0596448 
-0.0596448 
-0.0596448 
-0.0596448 
-0.0596449 
-0.0596449 
-0.0596449 
-0.0596449 
-0.059645 
-0.059645 
-0.059645 
-0.059645 
-0.0596451 
-0.0596451 
-0.0596451 
-0.0596451 
-0.0596451 
-0.0596452 
-0.0596452 
-0.0596452 
-0.0596452 
-0.0596453 
-0.0596453 
-0.0596453 
-0.0596453 
-0.0596454 
-0.0596454 
-0.0596454 
-0.0596454 
-0.0596454 
-0.0596455 
-0.0596455 
-0.0596455 
-0.0596455 
-0.0596456 
-0.0596456 
-0.0596456 
-0.0596456 
-0.0596457 
-0.0596457 
-0.0596457 
-0.0596457 
-0.0596457 
-0.0596458 
-0.0596458 
-0.0596458 
-0.0596458 
-0.0596459 
-0.0596459 
-0.0596459 
-0.0596459 
-0.059646 
-0.059646 
-0.059646 
-0.059646 
-0.059646 
-0.0596461 
-0.0596461 
-0.0596461 
-0.0596461 
-0.0596462 
-0.0596462 
-0.0596462 
-0.0596462 
-0.0596462 
-0.0596463 
-0.0596463 
-0.0596463 
-0.0596463 
-0.0596464 
-0.0596464 
-0.0596464 
-0.0596464 
-0.0596464 
-0.0596465 
-0.0596465 
-0.0596465 
-0.0596465 
-0.0596466 
-0.0596466 
-0.0596466 
-0.0596466 
-0.0596466 
-0.0596467 
-0.0596467 
-0.0596467 
-0.0596467 
-0.0596468 
-0.0596468 
-0.0596468 
-0.0596468 
-0.0596468 
-0.0596469 
-0.0596469 
-0.0596469 
-0.0596469 
-0.059647 
-0.059647 
-0.059647 
-0.059647 
-0.059647 
-0.0596471 
-0.0596471 
-0.0596471 
-0.0596471 
-0.0596471 
-0.0596472 
-0.0596472 
-0.0596472 
-0.0596472 
-0.0596473 
-0.0596473 
-0.0596473 
-0.0596473 
-0.0596473 
-0.0596474 
-0.0596474 
-0.0596474 
-0.0596474 
-0.0596474 
-0.0596475 
-0.0596475 
-0.0596475 
-0.0596475 
-0.0596476 
-0.0596476 
-0.0596476 
-0.0596476 
-0.0596476 
-0.0596477 
-0.0596477 
-0.0596477 
-0.0596477 
-0.0596477 
-0.0596478 
-0.0596478 
-0.0596478 
-0.0596478 
-0.0596479 
-0.0596479 
-0.0596479 
-0.0596479 
-0.0596479 
-0.059648 
-0.059648 
-0.059648 
-0.059648 
-0.059648 
-0.0596481 
-0.0596481 
-0.0596481 
-0.0596481 
-0.0596481 
-0.0596482 
-0.0596482 
-0.0596482 
-0.0596482 
-0.0596483 
-0.0596483 
-0.0596483 
-0.0596483 
-0.0596483 
-0.0596484 
-0.0596484 
-0.0596484 
-0.0596484 
-0.0596484 
-0.0596485 
-0.0596485 
-0.0596485 
-0.0596485 
-0.0596485 
-0.0596486 
-0.0596486 
-0.0596486 
-0.0596486 
-0.0596486 
-0.0596487 
-0.0596487 
-0.0596487 
-0.0596487 
-0.0596487 
-0.0596488 
-0.0596488 
-0.0596488 
-0.0596488 
-0.0596488 
-0.0596489 
-0.0596489 
-0.0596489 
-0.0596489 
-0.0596489 
-0.059649 
-0.059649 
-0.059649 
-0.059649 
-0.059649 
-0.0596491 
-0.0596491 
-0.0596491 
-0.0596491 
-0.0596491 
-0.0596492 
-0.0596492 
-0.0596492 
-0.0596492 
-0.0596492 
-0.0596493 
-0.0596493 
-0.0596493 
-0.0596493 
-0.0596493 
-0.0596494 
-0.0596494 
-0.0596494 
-0.0596494 
-0.0596494 
-0.0596495 
-0.0596495 
-0.0596495 
-0.0596495 
-0.0596495 
-0.0596496 
-0.0596496 
-0.0596496 
-0.0596496 
-0.0596496 
-0.0596497 
-0.0596497 
-0.0596497 
-0.0596497 
-0.0596497 
-0.0596498 
-0.0596498 
-0.0596498 
-0.0596498 
-0.0596498 
-0.0596499 
-0.0596499 
-0.0596499 
-0.0596499 
-0.0596499 
-0.05965 
-0.05965 
-0.05965 
-0.05965 
-0.05965 
-0.0596501 
-0.0596501 
-0.0596501 
-0.0596501 
-0.0596501 
-0.0596502 
-0.0596502 
-0.0596502 
-0.0596502 
-0.0596502 
-0.0596502 
-0.0596503 
-0.0596503 
-0.0596503 
-0.0596503 
-0.0596503 
-0.0596504 
-0.0596504 
-0.0596504 
-0.0596504 
-0.0596504 
-0.0596505 
-0.0596505 
-0.0596505 
-0.0596505 
-0.0596505 
-0.0596506 
-0.0596506 
-0.0596506 
-0.0596506 
-0.0596506 
-0.0596506 
-0.0596507 
-0.0596507 
-0.0596507 
-0.0596507 
-0.0596507 
-0.0596508 
-0.0596508 
-0.0596508 
-0.0596508 
-0.0596508 
-0.0596509 
-0.0596509 
-0.0596509 
-0.0596509 
-0.0596509 
-0.059651 
-0.059651 
-0.059651 
-0.059651 
-0.059651 
-0.059651 
-0.0596511 
-0.0596511 
-0.0596511 
-0.0596511 
-0.0596511 
-0.0596512 
-0.0596512 
-0.0596512 
-0.0596512 
-0.0596512 
-0.0596512 
-0.0596513 
-0.0596513 
-0.0596513 
-0.0596513 
-0.0596513 
-0.0596514 
-0.0596514 
-0.0596514 
-0.0596514 
-0.0596514 
-0.0596514 
-0.0596515 
-0.0596515 
-0.0596515 
-0.0596515 
-0.0596515 
-0.0596516 
-0.0596516 
-0.0596516 
-0.0596516 
-0.0596516 
-0.0596517 
-0.0596517 
-0.0596517 
-0.0596517 
-0.0596517 
-0.0596517 
-0.0596518 
-0.0596518 
-0.0596518 
-0.0596518 
-0.0596518 
-0.0596518 
-0.0596519 
-0.0596519 
-0.0596519 
-0.0596519 
-0.0596519 
-0.059652 
-0.059652 
-0.059652 
-0.059652 
-0.059652 
-0.059652 
-0.0596521 
-0.0596521 
-0.0596521 
-0.0596521 
-0.0596521 
-0.0596522 
-0.0596522 
-0.0596522 
-0.0596522 
-0.0596522 
-0.0596522 
-0.0596523 
-0.0596523 
-0.0596523 
-0.0596523 
-0.0596523 
-0.0596523 
-0.0596524 
-0.0596524 
-0.0596524 
-0.0596524 
-0.0596524 
-0.0596525 
-0.0596525 
-0.0596525 
-0.0596525 
-0.0596525 
-0.0596525 
-0.0596526 
-0.0596526 
-0.0596526 
-0.0596526 
-0.0596526 
-0.0596526 
-0.0596527 
-0.0596527 
-0.0596527 
-0.0596527 
-0.0596527 
-0.0596527 
-0.0596528 
-0.0596528 
-0.0596528 
-0.0596528 
-0.0596528 
-0.0596529 
-0.0596529 
-0.0596529 
-0.0596529 
-0.0596529 
-0.0596529 
-0.059653 
-0.059653 
-0.059653 
-0.059653 
-0.059653 
-0.059653 
-0.0596531 
-0.0596531 
-0.0596531 
-0.0596531 
-0.0596531 
-0.0596531 
-0.0596532 
-0.0596532 
-0.0596532 
-0.0596532 
-0.0596532 
-0.0596532 
-0.0596533 
-0.0596533 
-0.0596533 
-0.0596533 
-0.0596533 
-0.0596533 
-0.0596534 
-0.0596534 
-0.0596534 
-0.0596534 
-0.0596534 
-0.0596534 
-0.0596535 
-0.0596535 
-0.0596535 
-0.0596535 
-0.0596535 
-0.0596535 
-0.0596536 
-0.0596536 
-0.0596536 
-0.0596536 
-0.0596536 
-0.0596536 
-0.0596537 
-0.0596537 
-0.0596537 
-0.0596537 
-0.0596537 
-0.0596537 
-0.0596538 
-0.0596538 
-0.0596538 
-0.0596538 
-0.0596538 
-0.0596538 
-0.0596539 
-0.0596539 
-0.0596539 
-0.0596539 
-0.0596539 
-0.0596539 
-0.059654 
-0.059654 
-0.059654 
-0.059654 
-0.059654 
-0.059654 
-0.0596541 
-0.0596541 
-0.0596541 
-0.0596541 
-0.0596541 
-0.0596541 
-0.0596542 
-0.0596542 
-0.0596542 
-0.0596542 
-0.0596542 
-0.0596542 
-0.0596543 
-0.0596543 
-0.0596543 
-0.0596543 
-0.0596543 
-0.0596543 
-0.0596544 
-0.0596544 
-0.0596544 
-0.0596544 
-0.0596544 
-0.0596544 
-0.0596544 
-0.0596545 
-0.0596545 
-0.0596545 
-0.0596545 
-0.0596545 
-0.0596545 
-0.0596546 
-0.0596546 
-0.0596546 
-0.0596546 
-0.0596546 
-0.0596546 
-0.0596547 
-0.0596547 
-0.0596547 
-0.0596547 
-0.0596547 
-0.0596547 
-0.0596548 
-0.0596548 
-0.0596548 
-0.0596548 
-0.0596548 
-0.0596548 
-0.0596548 
-0.0596549 
-0.0596549 
-0.0596549 
-0.0596549 
-0.0596549 
-0.0596549 
-0.059655 
-0.059655 
-0.059655 
-0.059655 
-0.059655 
-0.059655 
-0.0596551 
-0.0596551 
-0.0596551 
-0.0596551 
-0.0596551 
-0.0596551 
-0.0596551 
-0.0596552 
-0.0596552 
-0.0596552 
-0.0596552 
-0.0596552 
-0.0596552 
-0.0596553 
-0.0596553 
-0.0596553 
-0.0596553 
-0.0596553 
-0.0596553 
-0.0596553 
-0.0596554 
-0.0596554 
-0.0596554 
-0.0596554 
-0.0596554 
-0.0596554 
-0.0596555 
-0.0596555 
-0.0596555 
-0.0596555 
-0.0596555 
-0.0596555 
-0.0596555 
-0.0596556 
-0.0596556 
-0.0596556 
-0.0596556 
-0.0596556 
-0.0596556 
-0.0596556 
-0.0596557 
-0.0596557 
-0.0596557 
-0.0596557 
-0.0596557 
-0.0596557 
-0.0596558 
-0.0596558 
-0.0596558 
-0.0596558 
-0.0596558 
-0.0596558 
-0.0596558 
-0.0596559 
-0.0596559 
-0.0596559 
-0.0596559 
-0.0596559 
-0.0596559 
-0.059656 
-0.059656 
-0.059656 
-0.059656 
-0.059656 
-0.059656 
-0.059656 
-0.0596561 
-0.0596561 
-0.0596561 
-0.0596561 
-0.0596561 
-0.0596561 
-0.0596561 
-0.0596562 
-0.0596562 
-0.0596562 
-0.0596562 
-0.0596562 
-0.0596562 
-0.0596562 
-0.0596563 
-0.0596563 
-0.0596563 
-0.0596563 
-0.0596563 
-0.0596563 
-0.0596563 
-0.0596564 
-0.0596564 
-0.0596564 
-0.0596564 
-0.0596564 
-0.0596564 
-0.0596565 
-0.0596565 
-0.0596565 
-0.0596565 
-0.0596565 
-0.0596565 
-0.0596565 
-0.0596566 
-0.0596566 
-0.0596566 
-0.0596566 
-0.0596566 
-0.0596566 
-0.0596566 
-0.0596567 
-0.0596567 
-0.0596567 
-0.0596567 
-0.0596567 
-0.0596567 
-0.0596567 
-0.0596568 
-0.0596568 
-0.0596568 
-0.0596568 
-0.0596568 
-0.0596568 
-0.0596568 
-0.0596569 
-0.0596569 
-0.0596569 
-0.0596569 
-0.0596569 
-0.0596569 
-0.0596569 
-0.059657 
-0.059657 
-0.059657 
-0.059657 
-0.059657 
-0.059657 
-0.059657 
-0.0596571 
-0.0596571 
-0.0596571 
-0.0596571 
-0.0596571 
-0.0596571 
-0.0596571 
-0.0596571 
-0.0596572 
-0.0596572 
-0.0596572 
-0.0596572 
-0.0596572 
-0.0596572 
-0.0596572 
-0.0596573 
-0.0596573 
-0.0596573 
-0.0596573 
-0.0596573 
-0.0596573 
-0.0596573 
-0.0596574 
-0.0596574 
-0.0596574 
-0.0596574 
-0.0596574 
-0.0596574 
-0.0596574 
-0.0596575 
-0.0596575 
-0.0596575 
-0.0596575 
-0.0596575 
-0.0596575 
-0.0596575 
-0.0596576 
-0.0596576 
-0.0596576 
-0.0596576 
-0.0596576 
-0.0596576 
-0.0596576 
-0.0596576 
-0.0596577 
-0.0596577 
-0.0596577 
-0.0596577 
-0.0596577 
-0.0596577 
-0.0596577 
-0.0596578 
-0.0596578 
-0.0596578 
-0.0596578 
-0.0596578 
-0.0596578 
-0.0596578 
-0.0596579 
-0.0596579 
-0.0596579 
-0.0596579 
-0.0596579 
-0.0596579 
-0.0596579 
-0.0596579 
-0.059658 
-0.059658 
-0.059658 
-0.059658 
-0.059658 
-0.059658 
-0.059658 
-0.0596581 
-0.0596581 
-0.0596581 
-0.0596581 
-0.0596581 
-0.0596581 
-0.0596581 
-0.0596581 
-0.0596582 
-0.0596582 
-0.0596582 
-0.0596582 
-0.0596582 
-0.0596582 
-0.0596582 
-0.0596583 
-0.0596583 
-0.0596583 
-0.0596583 
-0.0596583 
-0.0596583 
-0.0596583 
-0.0596583 
-0.0596584 
-0.0596584 
-0.0596584 
-0.0596584 
-0.0596584 
-0.0596584 
-0.0596584 
-0.0596584 
-0.0596585 
-0.0596585 
-0.0596585 
-0.0596585 
-0.0596585 
-0.0596585 
-0.0596585 
-0.0596586 
-0.0596586 
-0.0596586 
-0.0596586 
-0.0596586 
-0.0596586 
-0.0596586 
-0.0596586 
-0.0596587 
-0.0596587 
-0.0596587 
-0.0596587 
-0.0596587 
-0.0596587 
-0.0596587 
-0.0596587 
-0.0596588 
-0.0596588 
-0.0596588 
-0.0596588 
-0.0596588 
-0.0596588 
-0.0596588 
-0.0596588 
-0.0596589 
-0.0596589 
-0.0596589 
-0.0596589 
-0.0596589 
-0.0596589 
-0.0596589 
-0.0596589 
-0.059659 
-0.059659 
-0.059659 
-0.059659 
-0.059659 
-0.059659 
-0.059659 
-0.059659 
-0.0596591 
-0.0596591 
-0.0596591 
-0.0596591 
-0.0596591 
-0.0596591 
-0.0596591 
-0.0596591 
-0.0596592 
-0.0596592 
-0.0596592 
-0.0596592 
-0.0596592 
-0.0596592 
-0.0596592 
-0.0596592 
-0.0596593 
-0.0596593 
-0.0596593 
-0.0596593 
-0.0596593 
-0.0596593 
-0.0596593 
-0.0596593 
-0.0596594 
-0.0596594 
-0.0596594 
-0.0596594 
-0.0596594 
-0.0596594 
-0.0596594 
-0.0596594 
-0.0596595 
-0.0596595 
-0.0596595 
-0.0596595 
-0.0596595 
-0.0596595 
-0.0596595 
-0.0596595 
-0.0596596 
-0.0596596 
-0.0596596 
-0.0596596 
-0.0596596 
-0.0596596 
-0.0596596 
-0.0596596 
-0.0596597 
-0.0596597 
-0.0596597 
-0.0596597 
-0.0596597 
-0.0596597 
-0.0596597 
-0.0596597 
-0.0596597 
-0.0596598 
-0.0596598 
-0.0596598 
-0.0596598 
-0.0596598 
-0.0596598 
-0.0596598 
-0.0596598 
-0.0596599 
-0.0596599 
-0.0596599 
-0.0596599 
-0.0596599 
-0.0596599 
-0.0596599 
-0.0596599 
-0.05966 
-0.05966 
-0.05966 
-0.05966 
-0.05966 
-0.05966 
-0.05966 
-0.05966 
-0.05966 
-0.0596601 
-0.0596601 
-0.0596601 
-0.0596601 
-0.0596601 
-0.0596601 
-0.0596601 
-0.0596601 
-0.0596602 
-0.0596602 
-0.0596602 
-0.0596602 
-0.0596602 
-0.0596602 
-0.0596602 
-0.0596602 
-0.0596602 
-0.0596603 
-0.0596603 
-0.0596603 
-0.0596603 
-0.0596603 
-0.0596603 
-0.0596603 
-0.0596603 
-0.0596604 
-0.0596604 
-0.0596604 
-0.0596604 
-0.0596604 
-0.0596604 
-0.0596604 
-0.0596604 
-0.0596604 
-0.0596605 
-0.0596605 
-0.0596605 
-0.0596605 
-0.0596605 
-0.0596605 
-0.0596605 
-0.0596605 
-0.0596605 
-0.0596606 
-0.0596606 
-0.0596606 
-0.0596606 
-0.0596606 
-0.0596606 
-0.0596606 
-0.0596606 
-0.0596606 
-0.0596606 
-0.0596606 
-0.0596605 
-0.0596604 
-0.0596601 
-0.0596597 
-0.0596589 
-0.0596577 
-0.059656 
-0.0596535 
-0.05965 
-0.0596453 
-0.0596393 
-0.0596316 
-0.0596219 
-0.0596101 
-0.0595958 
-0.0595787 
-0.0595587 
-0.0595354 
-0.0595087 
-0.0594784 
-0.0594442 
-0.059406 
-0.0593637 
-0.0593171 
-0.0592664 
-0.0592114 
-0.0591522 
-0.059089 
-0.0590218 
-0.0589509 
-0.0588764 
-0.0587987 
-0.0587178 
-0.0586342 
-0.0585481 
-0.0584597 
-0.0583695 
-0.0582776 
-0.0581844 
-0.0580902 
-0.0579952 
-0.0578997 
-0.0578039 
-0.0577081 
-0.0576126 
-0.0575174 
-0.0574229 
-0.0573292 
-0.0572364 
-0.0571447 
-0.0570543 
-0.0569652 
-0.0568776 
-0.0567916 
-0.0567073 
-0.0566246 
-0.0565438 
-0.0564649 
-0.0563879 
-0.0563127 
-0.0562396 
-0.0561684 
-0.0560993 
-0.0560322 
-0.0559671 
-0.0559041 
-0.055843 
-0.055784 
-0.0557269 
-0.0556718 
-0.0556187 
-0.0555676 
-0.0555183 
-0.055471 
-0.0554255 
-0.0553818 
-0.05534 
-0.0552999 
-0.0552615 
-0.0552248 
-0.0551898 
-0.0551564 
-0.0551246 
-0.0550943 
-0.0550656 
-0.0550383 
-0.0550124 
-0.054988 
-0.054965 
-0.0549433 
-0.0549229 
-0.0549038 
-0.054886 
-0.0548693 
-0.0548539 
-0.0548395 
-0.0548263 
-0.0548142 
-0.0548031 
-0.0547931 
-0.054784 
-0.0547758 
-0.0547686 
-0.0547623 
-0.0547569 
-0.0547523 
-0.0547486 
-0.0547457 
-0.0547436 
-0.0547423 
-0.0547417 
-0.0547418 
-0.0547426 
-0.0547441 
-0.0547462 
-0.054749 
-0.0547524 
-0.0547564 
-0.0547609 
-0.054766 
-0.0547716 
-0.0547776 
-0.0547842 
-0.0547913 
-0.0547987 
-0.0548066 
-0.054815 
-0.0548239 
-0.0548331 
-0.0548427 
-0.0548527 
-0.0548631 
-0.0548738 
-0.0548849 
-0.0548963 
-0.054908 
-0.0549201 
-0.0549324 
-0.054945 
-0.054958 
-0.0549712 
-0.0549846 
-0.0549983 
-0.0550123 
-0.0550265 
-0.0550409 
-0.0550556 
-0.0550704 
-0.0550855 
-0.0551008 
-0.0551163 
-0.055132 
-0.0551478 
-0.0551639 
-0.0551801 
-0.0551964 
-0.0552129 
-0.0552295 
-0.0552463 
-0.0552633 
-0.0552803 
-0.0552975 
-0.0553148 
-0.0553323 
-0.0553498 
-0.0553675 
-0.0553852 
-0.0554031 
-0.0554211 
-0.0554392 
-0.0554573 
-0.0554756 
-0.0554939 
-0.0555123 
-0.0555308 
-0.0555493 
-0.055568 
-0.0555866 
-0.0556054 
-0.0556242 
-0.0556431 
-0.055662 
-0.0556809 
-0.0556999 
-0.055719 
-0.0557381 
-0.0557572 
-0.0557764 
-0.0557956 
-0.0558148 
-0.0558341 
-0.0558534 
-0.0558727 
-0.0558921 
-0.0559114 
-0.0559308 
-0.0559502 
-0.0559696 
-0.055989 
-0.0560084 
-0.0560278 
-0.0560473 
-0.0560667 
-0.0560862 
-0.0561056 
-0.0561251 
-0.0561445 
-0.056164 
-0.0561834 
-0.0562028 
-0.0562223 
-0.0562417 
-0.0562611 
-0.0562805 
-0.0562998 
-0.0563192 
-0.0563385 
-0.0563578 
-0.0563771 
-0.0563964 
-0.0564156 
-0.0564349 
-0.056454 
-0.0564732 
-0.0564923 
-0.0565115 
-0.0565305 
-0.0565496 
-0.0565686 
-0.0565875 
-0.0566065 
-0.0566254 
-0.0566443 
-0.0566631 
-0.0566819 
-0.0567006 
-0.0567193 
-0.056738 
-0.0567566 
-0.0567752 
-0.0567938 
-0.0568123 
-0.0568307 
-0.0568492 
-0.0568675 
-0.0568858 
-0.0569041 
-0.0569224 
-0.0569405 
-0.0569587 
-0.0569768 
-0.0569948 
-0.0570128 
-0.0570307 
-0.0570485 
-0.0570663 
-0.0570841 
-0.0571018 
-0.0571194 
-0.0571369 
-0.0571545 
-0.057172 
-0.0571894 
-0.0572067 
-0.057224 
-0.0572413 
-0.0572584 
-0.0572755 
-0.0572926 
-0.0573096 
-0.0573265 
-0.0573434 
-0.0573602 
-0.0573769 
-0.0573936 
-0.0574102 
-0.0574267 
-0.0574432 
-0.0574596 
-0.057476 
-0.0574922 
-0.0575085 
-0.0575246 
-0.0575407 
-0.0575567 
-0.0575727 
-0.0575886 
-0.0576044 
-0.0576201 
-0.0576358 
-0.0576515 
-0.057667 
-0.0576825 
-0.0576979 
-0.0577133 
-0.0577286 
-0.0577438 
-0.0577589 
-0.057774 
-0.057789 
-0.0578039 
-0.0578188 
-0.0578336 
-0.0578483 
-0.0578629 
-0.0578775 
-0.057892 
-0.0579064 
-0.0579208 
-0.0579351 
-0.0579493 
-0.0579635 
-0.0579776 
-0.0579916 
-0.0580055 
-0.0580194 
-0.0580332 
-0.0580469 
-0.0580606 
-0.0580741 
-0.0580876 
-0.0581011 
-0.0581144 
-0.0581277 
-0.0581409 
-0.0581541 
-0.0581671 
-0.0581802 
-0.0581931 
-0.0582059 
-0.0582187 
-0.0582314 
-0.0582441 
-0.0582567 
-0.0582692 
-0.0582816 
-0.058294 
-0.0583063 
-0.0583185 
-0.0583307 
-0.0583427 
-0.0583548 
-0.0583667 
-0.0583786 
-0.0583904 
-0.0584021 
-0.0584138 
-0.0584254 
-0.0584369 
-0.0584484 
-0.0584598 
-0.0584711 
-0.0584823 
-0.0584935 
-0.0585046 
-0.0585157 
-0.0585266 
-0.0585375 
-0.0585484 
-0.0585592 
-0.0585699 
-0.0585805 
-0.0585911 
-0.0586016 
-0.058612 
-0.0586224 
-0.0586327 
-0.058643 
-0.0586532 
-0.0586633 
-0.0586733 
-0.0586833 
-0.0586932 
-0.058703 
-0.0587128 
-0.0587225 
-0.0587322 
-0.0587417 
-0.0587512 
-0.0587607 
-0.0587701 
-0.0587794 
-0.0587887 
-0.0587979 
-0.058807 
-0.0588161 
-0.0588251 
-0.058834 
-0.0588429 
-0.0588518 
-0.0588605 
-0.0588692 
-0.0588779 
-0.0588865 
-0.058895 
-0.0589035 
-0.0589119 
-0.0589203 
-0.0589286 
-0.0589368 
-0.058945 
-0.0589531 
-0.0589612 
-0.0589692 
-0.0589772 
-0.0589851 
-0.0589929 
-0.0590006 
-0.0590084 
-0.0590161 
-0.0590237 
-0.0590313 
-0.0590388 
-0.0590462 
-0.0590536 
-0.059061 
-0.0590682 
-0.0590755 
-0.0590827 
-0.0590898 
-0.0590969 
-0.0591039 
-0.0591109 
-0.0591178 
-0.0591247 
-0.0591315 
-0.0591382 
-0.0591449 
-0.0591516 
-0.0591582 
-0.0591648 
-0.0591713 
-0.0591778 
-0.0591842 
-0.0591905 
-0.0591968 
-0.059203 
-0.0592092 
-0.0592154 
-0.0592215 
-0.0592276 
-0.0592337 
-0.0592397 
-0.0592456 
-0.0592515 
-0.0592573 
-0.0592631 
-0.0592688 
-0.0592745 
-0.0592801 
-0.0592858 
-0.0592913 
-0.0592969 
-0.0593024 
-0.0593078 
-0.0593132 
-0.0593186 
-0.0593239 
-0.0593291 
-0.0593343 
-0.0593395 
-0.0593446 
-0.0593497 
-0.0593548 
-0.0593598 
-0.0593648 
-0.0593698 
-0.0593747 
-0.0593795 
-0.0593843 
-0.0593891 
-0.0593938 
-0.0593985 
-0.0594031 
-0.0594077 
-0.0594123 
-0.0594168 
-0.0594213 
-0.0594258 
-0.0594302 
-0.0594346 
-0.059439 
-0.0594433 
-0.0594476 
-0.0594518 
-0.059456 
-0.0594602 
-0.0594643 
-0.0594683 
-0.0594724 
-0.0594764 
-0.0594804 
-0.0594844 
-0.0594884 
-0.0594923 
-0.0594962 
-0.0595 
-0.0595038 
-0.0595076 
-0.0595113 
-0.059515 
-0.0595187 
-0.0595223 
-0.0595259 
-0.0595294 
-0.0595329 
-0.0595363 
-0.0595398 
-0.0595432 
-0.0595467 
-0.0595501 
-0.0595534 
-0.0595568 
-0.0595601 
-0.0595634 
-0.0595666 
-0.0595698 
-0.059573 
-0.0595762 
-0.0595793 
-0.0595824 
-0.0595855 
-0.0595885 
-0.0595915 
-0.0595944 
-0.0595973 
-0.0596002 
-0.0596031 
-0.059606 
-0.0596088 
-0.0596117 
-0.0596145 
-0.0596173 
-0.0596201 
-0.0596228 
-0.0596255 
-0.0596282 
-0.0596309 
-0.0596336 
-0.0596362 
-0.0596388 
-0.0596413 
-0.0596439 
-0.0596464 
-0.0596489 
-0.0596513 
-0.0596537 
-0.0596561 
-0.0596585 
-0.0596608 
-0.0596631 
-0.0596653 
-0.0596676 
-0.0596698 
-0.0596721 
-0.0596743 
-0.0596765 
-0.0596787 
-0.0596809 
-0.0596831 
-0.0596853 
-0.0596874 
-0.0596895 
-0.0596916 
-0.0596937 
-0.0596958 
-0.0596978 
-0.0596998 
-0.0597018 
-0.0597038 
-0.0597057 
-0.0597076 
-0.0597095 
-0.0597114 
-0.0597132 
-0.0597151 
-0.0597169 
-0.0597187 
-0.0597204 
-0.0597221 
-0.0597238 
-0.0597255 
-0.0597272 
-0.0597288 
-0.0597304 
-0.059732 
-0.0597336 
-0.0597352 
-0.0597368 
-0.0597384 
-0.0597399 
-0.0597415 
-0.0597431 
-0.0597446 
-0.0597462 
-0.0597477 
-0.0597492 
-0.0597507 
-0.0597522 
-0.0597537 
-0.0597552 
-0.0597566 
-0.059758 
-0.0597595 
-0.0597609 
-0.0597622 
-0.0597636 
-0.059765 
-0.0597663 
-0.0597676 
-0.0597689 
-0.0597702 
-0.0597714 
-0.0597727 
-0.0597739 
-0.0597751 
-0.0597763 
-0.0597775 
-0.0597787 
-0.0597798 
-0.0597809 
-0.059782 
-0.0597831 
-0.0597842 
-0.0597853 
-0.0597863 
-0.0597873 
-0.0597884 
-0.0597894 
-0.0597903 
-0.0597913 
-0.0597922 
-0.0597932 
-0.0597941 
-0.059795 
-0.0597959 
-0.0597968 
-0.0597976 
-0.0597985 
-0.0597993 
-0.0598001 
-0.0598009 
-0.0598018 
-0.0598026 
-0.0598035 
-0.0598044 
-0.0598052 
-0.0598061 
-0.0598069 
-0.0598078 
-0.0598086 
-0.0598095 
-0.0598103 
-0.0598112 
-0.059812 
-0.0598128 
-0.0598136 
-0.0598144 
-0.0598152 
-0.059816 
-0.0598168 
-0.0598175 
-0.0598183 
-0.059819 
-0.0598198 
-0.0598205 
-0.0598212 
-0.0598219 
-0.0598226 
-0.0598233 
-0.059824 
-0.0598247 
-0.0598253 
-0.059826 
-0.0598266 
-0.0598273 
-0.0598279 
-0.0598285 
-0.0598291 
-0.0598297 
-0.0598303 
-0.0598309 
-0.0598314 
-0.059832 
-0.0598325 
-0.0598331 
-0.0598336 
-0.0598341 
-0.0598346 
-0.0598351 
-0.0598356 
-0.0598361 
-0.0598365 
-0.059837 
-0.0598375 
-0.0598379 
-0.0598383 
-0.0598388 
-0.0598392 
-0.0598396 
-0.05984 
-0.0598404 
-0.0598408 
-0.0598412 
-0.0598415 
-0.0598419 
-0.0598422 
-0.0598426 
-0.0598429 
-0.0598433 
-0.0598436 
-0.0598439 
-0.0598442 
-0.0598445 
-0.0598448 
-0.0598451 
-0.0598454 
-0.0598457 
-0.0598459 
-0.0598462 
-0.0598464 
-0.0598467 
-0.0598469 
-0.0598472 
-0.0598474 
-0.0598476 
-0.0598478 
-0.0598481 
-0.0598483 
-0.0598485 
-0.0598487 
-0.0598488 
-0.059849 
-0.0598492 
-0.0598494 
-0.0598495 
-0.0598497 
-0.0598499 
-0.05985 
-0.0598502 
-0.0598503 
-0.0598504 
-0.0598506 
-0.0598507 
-0.0598508 
-0.0598509 
-0.0598511 
-0.0598512 
-0.0598513 
-0.0598514 
-0.0598515 
-0.0598516 
-0.0598517 
-0.0598517 
-0.0598518 
-0.0598519 
-0.059852 
-0.059852 
-0.0598521 
-0.0598522 
-0.0598522 
-0.0598523 
-0.0598523 
-0.0598524 
-0.0598524 
-0.0598525 
-0.0598525 
-0.0598525 
-0.0598526 
-0.0598526 
-0.0598526 
-0.0598527 
-0.0598527 
-0.0598527 
-0.0598527 
-0.0598527 
-0.0598527 
-0.0598527 
-0.0598527 
-0.0598527 
-0.0598527 
-0.0598527 
-0.0598527 
-0.0598527 
-0.0598527 
-0.0598527 
-0.0598527 
-0.0598526 
-0.0598526 
-0.0598526 
-0.0598526 
-0.0598525 
-0.0598525 
-0.0598525 
-0.0598525 
-0.0598524 
-0.0598524 
-0.0598523 
-0.0598523 
-0.0598523 
-0.0598522 
-0.0598522 
-0.0598521 
-0.0598521 
-0.059852 
-0.059852 
-0.0598519 
-0.0598518 
-0.0598518 
-0.0598517 
-0.0598517 
-0.0598516 
-0.0598515 
-0.0598515 
-0.0598514 
-0.0598513 
-0.0598513 
-0.0598512 
-0.0598511 
-0.0598511 
-0.059851 
-0.0598509 
-0.0598508 
-0.0598508 
-0.0598507 
-0.0598506 
-0.0598505 
-0.0598504 
-0.0598503 
-0.0598503 
-0.0598502 
-0.0598501 
-0.05985 
-0.0598499 
-0.0598498 
-0.0598497 
-0.0598496 
-0.0598496 
-0.0598495 
-0.0598494 
-0.0598493 
-0.0598492 
-0.0598491 
-0.059849 
-0.0598489 
-0.0598488 
-0.0598487 
-0.0598486 
-0.0598485 
-0.0598484 
-0.0598483 
-0.0598482 
-0.0598481 
-0.059848 
-0.0598479 
-0.0598478 
-0.0598477 
-0.0598476 
-0.0598475 
-0.0598474 
-0.0598473 
-0.0598471 
-0.059847 
-0.0598469 
-0.0598468 
-0.0598467 
-0.0598466 
-0.0598465 
-0.0598464 
-0.0598463 
-0.0598462 
-0.059846 
-0.0598459 
-0.0598458 
-0.0598457 
-0.0598456 
-0.0598455 
-0.0598454 
-0.0598453 
-0.0598451 
-0.059845 
-0.0598449 
-0.0598448 
-0.0598447 
-0.0598446 
-0.0598445 
-0.0598443 
-0.0598442 
-0.0598441 
-0.059844 
-0.0598439 
-0.0598438 
-0.0598436 
-0.0598435 
-0.0598434 
-0.0598433 
-0.0598432 
-0.0598431 
-0.0598429 
-0.0598428 
-0.0598427 
-0.0598426 
-0.0598425 
-0.0598424 
-0.0598422 
-0.0598421 
-0.059842 
-0.0598419 
-0.0598418 
-0.0598417 
-0.0598415 
-0.0598414 
-0.0598413 
-0.0598412 
-0.0598411 
-0.0598409 
-0.0598408 
-0.0598407 
-0.0598406 
-0.0598405 
-0.0598403 
-0.0598402 
-0.0598401 
-0.05984 
-0.0598399 
-0.0598398 
-0.0598396 
-0.0598395 
-0.0598394 
-0.0598393 
-0.0598392 
-0.059839 
-0.0598389 
-0.0598388 
-0.0598387 
-0.0598386 
-0.0598385 
-0.0598383 
-0.0598382 
-0.0598381 
-0.059838 
-0.0598379 
-0.0598378 
-0.0598376 
-0.0598375 
-0.0598374 
-0.0598373 
-0.0598372 
-0.059837 
-0.0598369 
-0.0598368 
-0.0598367 
-0.0598366 
-0.0598365 
-0.0598363 
-0.0598362 
-0.0598361 
-0.059836 
-0.0598359 
-0.0598358 
-0.0598357 
-0.0598355 
-0.0598354 
-0.0598353 
-0.0598352 
-0.0598351 
-0.059835 
-0.0598348 
-0.0598347 
-0.0598346 
-0.0598345 
-0.0598344 
-0.0598343 
-0.0598342 
-0.059834 
-0.0598339 
-0.0598338 
-0.0598337 
-0.0598336 
-0.0598335 
-0.0598334 
-0.0598333 
-0.0598331 
-0.059833 
-0.0598329 
-0.0598328 
-0.0598327 
-0.0598326 
-0.0598325 
-0.0598324 
-0.0598322 
-0.0598321 
-0.059832 
-0.0598319 
-0.0598318 
-0.0598317 
-0.0598316 
-0.0598315 
-0.0598314 
-0.0598313 
-0.0598311 
-0.059831 
-0.0598309 
-0.0598308 
-0.0598307 
-0.0598306 
-0.0598305 
-0.0598304 
-0.0598303 
-0.0598302 
-0.0598301 
-0.05983 
-0.0598298 
-0.0598297 
-0.0598296 
-0.0598295 
-0.0598294 
-0.0598293 
-0.0598292 
-0.0598291 
-0.059829 
-0.0598289 
-0.0598288 
-0.0598287 
-0.0598286 
-0.0598285 
-0.0598284 
-0.0598283 
-0.0598281 
-0.059828 
-0.0598279 
-0.0598278 
-0.0598277 
-0.0598276 
-0.0598275 
-0.0598274 
-0.0598273 
-0.0598272 
-0.0598271 
-0.059827 
-0.0598269 
-0.0598268 
-0.0598267 
-0.0598266 
-0.0598265 
-0.0598264 
-0.0598263 
-0.0598262 
-0.0598261 
-0.059826 
-0.0598259 
-0.0598258 
-0.0598257 
-0.0598256 
-0.0598255 
-0.0598254 
-0.0598253 
-0.0598252 
-0.0598251 
-0.059825 
-0.0598249 
-0.0598248 
-0.0598247 
-0.0598246 
-0.0598245 
-0.0598244 
-0.0598243 
-0.0598242 
-0.0598241 
-0.059824 
-0.0598239 
-0.0598238 
-0.0598237 
-0.0598236 
-0.0598235 
-0.0598234 
-0.0598233 
-0.0598232 
-0.0598231 
-0.059823 
-0.0598229 
-0.0598229 
-0.0598228 
-0.0598227 
-0.0598226 
-0.0598225 
-0.0598224 
-0.0598223 
-0.0598222 
-0.0598221 
-0.059822 
-0.0598219 
-0.0598218 
-0.0598217 
-0.0598216 
-0.0598215 
-0.0598214 
-0.0598213 
-0.0598213 
-0.0598212 
-0.0598211 
-0.059821 
-0.0598209 
-0.0598208 
-0.0598207 
-0.0598206 
-0.0598205 
-0.0598204 
-0.0598203 
-0.0598202 
-0.0598202 
-0.0598201 
-0.05982 
-0.0598199 
-0.0598198 
-0.0598197 
-0.0598196 
-0.0598195 
-0.0598194 
-0.0598193 
-0.0598193 
-0.0598192 
-0.0598191 
-0.059819 
-0.0598189 
-0.0598188 
-0.0598187 
-0.0598186 
-0.0598185 
-0.0598185 
-0.0598184 
-0.0598183 
-0.0598182 
-0.0598181 
-0.059818 
-0.0598179 
-0.0598178 
-0.0598178 
-0.0598177 
-0.0598176 
-0.0598175 
-0.0598174 
-0.0598173 
-0.0598172 
-0.0598172 
-0.0598171 
-0.059817 
-0.0598169 
-0.0598168 
-0.0598167 
-0.0598166 
-0.0598166 
-0.0598165 
-0.0598164 
-0.0598163 
-0.0598162 
-0.0598161 
-0.059816 
-0.059816 
-0.0598159 
-0.0598158 
-0.0598157 
-0.0598156 
-0.0598155 
-0.0598155 
-0.0598154 
-0.0598153 
-0.0598152 
-0.0598151 
-0.059815 
-0.059815 
-0.0598149 
-0.0598148 
-0.0598147 
-0.0598146 
-0.0598146 
-0.0598145 
-0.0598144 
-0.0598143 
-0.0598142 
-0.0598141 
-0.0598141 
-0.059814 
-0.0598139 
-0.0598138 
-0.0598137 
-0.0598137 
-0.0598136 
-0.0598135 
-0.0598134 
-0.0598133 
-0.0598133 
-0.0598132 
-0.0598131 
-0.059813 
-0.0598129 
-0.0598129 
-0.0598128 
-0.0598127 
-0.0598126 
-0.0598126 
-0.0598125 
-0.0598124 
-0.0598123 
-0.0598122 
-0.0598122 
-0.0598121 
-0.059812 
-0.0598119 
-0.0598118 
-0.0598118 
-0.0598117 
-0.0598116 
-0.0598115 
-0.0598115 
-0.0598114 
-0.0598113 
-0.0598112 
-0.0598112 
-0.0598111 
-0.059811 
-0.0598109 
-0.0598108 
-0.0598108 
-0.0598107 
-0.0598106 
-0.0598105 
-0.0598105 
-0.0598104 
-0.0598103 
-0.0598102 
-0.0598102 
-0.0598101 
-0.05981 
-0.0598099 
-0.0598099 
-0.0598098 
-0.0598097 
-0.0598096 
-0.0598096 
-0.0598095 
-0.0598094 
-0.0598093 
-0.0598093 
-0.0598092 
-0.0598091 
-0.059809 
-0.059809 
-0.0598089 
-0.0598088 
-0.0598087 
-0.0598087 
-0.0598086 
-0.0598085 
-0.0598085 
-0.0598084 
-0.0598083 
-0.0598082 
-0.0598082 
-0.0598081 
-0.059808 
-0.0598079 
-0.0598079 
-0.0598078 
-0.0598077 
-0.0598077 
-0.0598076 
-0.0598075 
-0.0598074 
-0.0598074 
-0.0598073 
-0.0598072 
-0.0598072 
-0.0598071 
-0.059807 
-0.0598069 
-0.0598069 
-0.0598068 
-0.0598067 
-0.0598067 
-0.0598066 
-0.0598065 
-0.0598064 
-0.0598064 
-0.0598063 
-0.0598062 
-0.0598062 
-0.0598061 
-0.059806 
-0.0598059 
-0.0598059 
-0.0598058 
-0.0598057 
-0.0598057 
-0.0598056 
-0.0598055 
-0.0598055 
-0.0598054 
-0.0598053 
-0.0598053 
-0.0598052 
-0.0598051 
-0.059805 
-0.059805 
-0.0598049 
-0.0598048 
-0.0598048 
-0.0598047 
-0.0598046 
-0.0598046 
-0.0598045 
-0.0598044 
-0.0598044 
-0.0598043 
-0.0598042 
-0.0598042 
-0.0598041 
-0.059804 
-0.0598039 
-0.0598039 
-0.0598038 
-0.0598037 
-0.0598037 
-0.0598036 
-0.0598035 
-0.0598035 
-0.0598034 
-0.0598033 
-0.0598033 
-0.0598032 
-0.0598031 
-0.0598031 
-0.059803 
-0.0598029 
-0.0598029 
-0.0598028 
-0.0598027 
-0.0598027 
-0.0598026 
-0.0598025 
-0.0598025 
-0.0598024 
-0.0598023 
-0.0598023 
-0.0598022 
-0.0598021 
-0.0598021 
-0.059802 
-0.0598019 
-0.0598019 
-0.0598018 
-0.0598018 
-0.0598017 
-0.0598016 
-0.0598016 
-0.0598015 
-0.0598014 
-0.0598014 
-0.0598013 
-0.0598012 
-0.0598012 
-0.0598011 
-0.059801 
-0.059801 
-0.0598009 
-0.0598008 
-0.0598008 
-0.0598007 
-0.0598006 
-0.0598006 
-0.0598005 
-0.0598005 
-0.0598004 
-0.0598003 
-0.0598003 
-0.0598002 
-0.0598001 
-0.0598001 
-0.0598 
-0.0597999 
-0.0597998 
-0.0597997 
-0.0597996 
-0.0597994 
-0.0597992 
-0.059799 
-0.0597988 
-0.0597986 
-0.0597984 
-0.0597981 
-0.0597979 
-0.0597977 
-0.0597974 
-0.0597971 
-0.0597969 
-0.0597966 
-0.0597963 
-0.0597961 
-0.0597958 
-0.0597955 
-0.0597952 
-0.0597949 
-0.0597947 
-0.0597944 
-0.0597941 
-0.0597938 
-0.0597935 
-0.0597932 
-0.0597929 
-0.0597926 
-0.0597924 
-0.0597921 
-0.0597918 
-0.0597915 
-0.0597912 
-0.0597909 
-0.0597906 
-0.0597903 
-0.0597901 
-0.0597898 
-0.0597895 
-0.0597892 
-0.0597889 
-0.0597887 
-0.0597884 
-0.0597881 
-0.0597878 
-0.0597876 
-0.0597873 
-0.059787 
-0.0597868 
-0.0597865 
-0.0597862 
-0.059786 
-0.0597857 
-0.0597855 
-0.0597852 
-0.059785 
-0.0597847 
-0.0597845 
-0.0597842 
-0.059784 
-0.0597837 
-0.0597835 
-0.0597833 
-0.059783 
-0.0597828 
-0.0597826 
-0.0597823 
-0.0597821 
-0.0597819 
-0.0597817 
-0.0597814 
-0.0597812 
-0.059781 
-0.0597808 
-0.0597806 
-0.0597804 
-0.0597802 
-0.05978 
-0.0597797 
-0.0597795 
-0.0597793 
-0.0597791 
-0.0597789 
-0.0597787 
-0.0597786 
-0.0597784 
-0.0597782 
-0.059778 
-0.0597778 
-0.0597776 
-0.0597774 
-0.0597772 
-0.0597771 
-0.0597769 
-0.0597767 
-0.0597765 
-0.0597764 
-0.0597762 
-0.059776 
-0.0597759 
-0.0597757 
-0.0597755 
-0.0597754 
-0.0597752 
-0.059775 
-0.0597749 
-0.0597747 
-0.0597746 
-0.0597744 
-0.0597743 
-0.0597741 
-0.059774 
-0.0597738 
-0.0597737 
-0.0597735 
-0.0597734 
-0.0597732 
-0.0597731 
-0.059773 
-0.0597728 
-0.0597727 
-0.0597726 
-0.0597724 
-0.0597723 
-0.0597722 
-0.059772 
-0.0597719 
-0.0597718 
-0.0597716 
-0.0597715 
-0.0597714 
-0.0597713 
-0.0597711 
-0.059771 
-0.0597709 
-0.0597708 
-0.0597707 
-0.0597705 
-0.0597704 
-0.0597703 
-0.0597702 
-0.0597701 
-0.05977 
-0.0597699 
-0.0597698 
-0.0597696 
-0.0597695 
-0.0597694 
-0.0597693 
-0.0597692 
-0.0597691 
-0.059769 
-0.0597689 
-0.0597688 
-0.0597687 
-0.0597686 
-0.0597685 
-0.0597684 
-0.0597683 
-0.0597682 
-0.0597681 
-0.059768 
-0.0597679 
-0.0597678 
-0.0597677 
-0.0597676 
-0.0597675 
-0.0597675 
-0.0597674 
-0.0597673 
-0.0597672 
-0.0597671 
-0.059767 
-0.0597669 
-0.0597668 
-0.0597668 
-0.0597667 
-0.0597666 
-0.0597665 
-0.0597664 
-0.0597663 
-0.0597662 
-0.0597662 
-0.0597661 
-0.059766 
-0.0597659 
-0.0597658 
-0.0597658 
-0.0597657 
-0.0597656 
-0.0597655 
-0.0597655 
-0.0597654 
-0.0597653 
-0.0597652 
-0.0597652 
-0.0597651 
-0.059765 
-0.0597649 
-0.0597649 
-0.0597648 
-0.0597647 
-0.0597646 
-0.0597646 
-0.0597645 
-0.0597644 
-0.0597644 
-0.0597643 
-0.0597642 
-0.0597641 
-0.0597641 
-0.059764 
-0.0597639 
-0.0597639 
-0.0597638 
-0.0597637 
-0.0597637 
-0.0597636 
-0.0597635 
-0.0597635 
-0.0597634 
-0.0597634 
-0.0597633 
-0.0597632 
-0.0597632 
-0.0597631 
-0.059763 
-0.059763 
-0.0597629 
-0.0597629 
-0.0597628 
-0.0597627 
-0.0597627 
-0.0597626 
-0.0597625 
-0.0597625 
-0.0597624 
-0.0597624 
-0.0597623 
-0.0597623 
-0.0597622 
-0.0597621 
-0.0597621 
-0.059762 
-0.059762 
-0.0597619 
-0.0597618 
-0.0597618 
-0.0597617 
-0.0597617 
-0.0597616 
-0.0597616 
-0.0597615 
-0.0597615 
-0.0597614 
-0.0597613 
-0.0597613 
-0.0597612 
-0.0597612 
-0.0597611 
-0.0597611 
-0.059761 
-0.059761 
-0.0597609 
-0.0597609 
-0.0597608 
-0.0597608 
-0.0597607 
-0.0597607 
-0.0597606 
-0.0597606 
-0.0597605 
-0.0597604 
-0.0597604 
-0.0597603 
-0.0597603 
-0.0597602 
-0.0597602 
-0.0597601 
-0.0597601 
-0.05976 
-0.05976 
-0.0597599 
-0.0597599 
-0.0597598 
-0.0597598 
-0.0597597 
-0.0597597 
-0.0597597 
-0.0597596 
-0.0597596 
-0.0597595 
-0.0597595 
-0.0597594 
-0.0597594 
-0.0597593 
-0.0597593 
-0.0597592 
-0.0597592 
-0.0597591 
-0.0597591 
-0.059759 
-0.059759 
-0.0597589 
-0.0597589 
-0.0597588 
-0.0597588 
-0.0597588 
-0.0597587 
-0.0597587 
-0.0597586 
-0.0597586 
-0.0597585 
-0.0597585 
-0.0597584 
-0.0597584 
-0.0597583 
-0.0597583 
-0.0597583 
-0.0597582 
-0.0597582 
-0.0597581 
-0.0597581 
-0.059758 
-0.059758 
-0.0597579 
-0.0597579 
-0.0597579 
-0.0597578 
-0.0597578 
-0.0597577 
-0.0597577 
-0.0597576 
-0.0597576 
-0.0597576 
-0.0597575 
-0.0597575 
-0.0597574 
-0.0597574 
-0.0597573 
-0.0597573 
-0.0597573 
-0.0597572 
-0.0597572 
-0.0597571 
-0.0597571 
-0.059757 
-0.059757 
-0.059757 
-0.0597569 
-0.0597569 
-0.0597568 
-0.0597568 
-0.0597567 
-0.0597567 
-0.0597567 
-0.0597566 
-0.0597566 
-0.0597565 
-0.0597565 
-0.0597565 
-0.0597564 
-0.0597564 
-0.0597563 
-0.0597563 
-0.0597563 
-0.0597562 
-0.0597562 
-0.0597561 
-0.0597561 
-0.059756 
-0.059756 
-0.059756 
-0.0597559 
-0.0597559 
-0.0597558 
-0.0597558 
-0.0597558 
-0.0597557 
-0.0597557 
-0.0597556 
-0.0597556 
-0.0597556 
-0.0597555 
-0.0597555 
-0.0597554 
-0.0597554 
-0.0597554 
-0.0597553 
-0.0597553 
-0.0597552 
-0.0597552 
-0.0597552 
-0.0597551 
-0.0597551 
-0.0597551 
-0.059755 
-0.059755 
-0.0597549 
-0.0597549 
-0.0597549 
-0.0597548 
-0.0597548 
-0.0597547 
-0.0597547 
-0.0597547 
-0.0597546 
-0.0597546 
-0.0597545 
-0.0597545 
-0.0597545 
-0.0597544 
-0.0597544 
-0.0597544 
-0.0597543 
-0.0597543 
-0.0597542 
-0.0597542 
-0.0597542 
-0.0597541 
-0.0597541 
-0.0597541 
-0.059754 
-0.059754 
-0.0597539 
-0.0597539 
-0.0597539 
-0.0597538 
-0.0597538 
-0.0597538 
-0.0597537 
-0.0597537 
-0.0597536 
-0.0597536 
-0.0597536 
-0.0597535 
-0.0597535 
-0.0597535 
-0.0597534 
-0.0597534 
-0.0597533 
-0.0597533 
-0.0597533 
-0.0597532 
-0.0597532 
-0.0597532 
-0.0597531 
-0.0597531 
-0.059753 
-0.059753 
-0.059753 
-0.0597529 
-0.0597529 
-0.0597529 
-0.0597528 
-0.0597528 
-0.0597528 
-0.0597527 
-0.0597527 
-0.0597526 
-0.0597526 
-0.0597526 
-0.0597525 
-0.0597525 
-0.0597525 
-0.0597524 
-0.0597524 
-0.0597524 
-0.0597523 
-0.0597523 
-0.0597522 
-0.0597522 
-0.0597522 
-0.0597521 
-0.0597521 
-0.0597521 
-0.059752 
-0.059752 
-0.059752 
-0.0597519 
-0.0597519 
-0.0597518 
-0.0597518 
-0.0597518 
-0.0597517 
-0.0597517 
-0.0597517 
-0.0597516 
-0.0597516 
-0.0597516 
-0.0597515 
-0.0597515 
-0.0597515 
-0.0597514 
-0.0597514 
-0.0597514 
-0.0597513 
-0.0597513 
-0.0597512 
-0.0597512 
-0.0597512 
-0.0597511 
-0.0597511 
-0.0597511 
-0.059751 
-0.059751 
-0.059751 
-0.0597509 
-0.0597509 
-0.0597509 
-0.0597508 
-0.0597508 
-0.0597508 
-0.0597507 
-0.0597507 
-0.0597507 
-0.0597506 
-0.0597506 
-0.0597505 
-0.0597505 
-0.0597505 
-0.0597504 
-0.0597504 
-0.0597504 
-0.0597503 
-0.0597503 
-0.0597503 
-0.0597502 
-0.0597502 
-0.0597502 
-0.0597501 
-0.0597501 
-0.0597501 
-0.05975 
-0.05975 
-0.05975 
-0.0597499 
-0.0597499 
-0.0597499 
-0.0597498 
-0.0597498 
-0.0597498 
-0.0597497 
-0.0597497 
-0.0597497 
-0.0597496 
-0.0597496 
-0.0597496 
-0.0597495 
-0.0597495 
-0.0597495 
-0.0597494 
-0.0597494 
-0.0597493 
-0.0597493 
-0.0597493 
-0.0597492 
-0.0597492 
-0.0597492 
-0.0597491 
-0.0597491 
-0.0597491 
-0.059749 
-0.059749 
-0.059749 
-0.0597489 
-0.0597489 
-0.0597489 
-0.0597488 
-0.0597488 
-0.0597488 
-0.0597487 
-0.0597487 
-0.0597487 
-0.0597486 
-0.0597486 
-0.0597486 
-0.0597485 
-0.0597485 
-0.0597485 
-0.0597484 
-0.0597484 
-0.0597484 
-0.0597483 
-0.0597483 
-0.0597483 
-0.0597482 
-0.0597482 
-0.0597482 
-0.0597482 
-0.0597481 
-0.0597481 
-0.0597481 
-0.059748 
-0.059748 
-0.059748 
-0.0597479 
-0.0597479 
-0.0597479 
-0.0597478 
-0.0597478 
-0.0597478 
-0.0597477 
-0.0597477 
-0.0597477 
-0.0597476 
-0.0597476 
