0 
2.5e-05 
5e-05 
7.5e-05 
0.0001 
0.000125 
0.00015 
0.000175 
0.0002 
0.000225 
0.00025 
0.000275 
0.0003 
0.000325 
0.00035 
0.000375 
0.0004 
0.000425 
0.00045 
0.000475 
0.0005 
0.000525 
0.00055 
0.000575 
0.0006 
0.000625 
0.00065 
0.000675 
0.0007 
0.000725 
0.00075 
0.000775 
0.0008 
0.000825 
0.00085 
0.000875 
0.0009 
0.000925 
0.00095 
0.000975 
0.001 
0.001025 
0.00105 
0.001075 
0.0011 
0.001125 
0.00115 
0.001175 
0.0012 
0.001225 
0.00125 
0.001275 
0.0013 
0.001325 
0.00135 
0.001375 
0.0014 
0.001425 
0.00145 
0.001475 
0.0015 
0.001525 
0.00155 
0.001575 
0.0016 
0.001625 
0.00165 
0.001675 
0.0017 
0.001725 
0.00175 
0.001775 
0.0018 
0.001825 
0.00185 
0.001875 
0.0019 
0.001925 
0.00195 
0.001975 
0.002 
0.002025 
0.00205 
0.002075 
0.0021 
0.002125 
0.00215 
0.002175 
0.0022 
0.002225 
0.00225 
0.002275 
0.0023 
0.002325 
0.00235 
0.002375 
0.0024 
0.002425 
0.00245 
0.002475 
0.0025 
0.002525 
0.00255 
0.002575 
0.0026 
0.002625 
0.00265 
0.002675 
0.0027 
0.002725 
0.00275 
0.002775 
0.0028 
0.002825 
0.00285 
0.002875 
0.0029 
0.002925 
0.00295 
0.002975 
0.003 
0.003025 
0.00305 
0.003075 
0.0031 
0.003125 
0.00315 
0.003175 
0.0032 
0.003225 
0.00325 
0.003275 
0.0033 
0.003325 
0.00335 
0.003375 
0.0034 
0.003425 
0.00345 
0.003475 
0.0035 
0.003525 
0.00355 
0.003575 
0.0036 
0.003625 
0.00365 
0.003675 
0.0037 
0.003725 
0.00375 
0.003775 
0.0038 
0.003825 
0.00385 
0.003875 
0.0039 
0.003925 
0.00395 
0.003975 
0.004 
0.004025 
0.00405 
0.004075 
0.0041 
0.004125 
0.00415 
0.004175 
0.0042 
0.004225 
0.00425 
0.004275 
0.0043 
0.004325 
0.00435 
0.004375 
0.0044 
0.004425 
0.00445 
0.004475 
0.0045 
0.004525 
0.00455 
0.004575 
0.0046 
0.004625 
0.00465 
0.004675 
0.0047 
0.004725 
0.00475 
0.004775 
0.0048 
0.004825 
0.00485 
0.004875 
0.0049 
0.004925 
0.00495 
0.004975 
0.005 
0.005025 
0.00505 
0.005075 
0.0051 
0.005125 
0.00515 
0.005175 
0.0052 
0.005225 
0.00525 
0.005275 
0.0053 
0.005325 
0.00535 
0.005375 
0.0054 
0.005425 
0.00545 
0.005475 
0.0055 
0.005525 
0.00555 
0.005575 
0.0056 
0.005625 
0.00565 
0.005675 
0.0057 
0.005725 
0.00575 
0.005775 
0.0058 
0.005825 
0.00585 
0.005875 
0.0059 
0.005925 
0.00595 
0.005975 
0.006 
0.006025 
0.00605 
0.006075 
0.0061 
0.006125 
0.00615 
0.006175 
0.0062 
0.006225 
0.00625 
0.006275 
0.0063 
0.006325 
0.00635 
0.006375 
0.0064 
0.006425 
0.00645 
0.006475 
0.0065 
0.006525 
0.00655 
0.006575 
0.0066 
0.006625 
0.00665 
0.006675 
0.0067 
0.006725 
0.00675 
0.006775 
0.0068 
0.006825 
0.00685 
0.006875 
0.0069 
0.006925 
0.00695 
0.006975 
0.007 
0.007025 
0.00705 
0.007075 
0.0071 
0.007125 
0.00715 
0.007175 
0.0072 
0.007225 
0.00725 
0.007275 
0.0073 
0.007325 
0.00735 
0.007375 
0.0074 
0.007425 
0.00745 
0.007475 
0.0075 
0.007525 
0.00755 
0.007575 
0.0076 
0.007625 
0.00765 
0.007675 
0.0077 
0.007725 
0.00775 
0.007775 
0.0078 
0.007825 
0.00785 
0.007875 
0.0079 
0.007925 
0.00795 
0.007975 
0.008 
0.008025 
0.00805 
0.008075 
0.0081 
0.008125 
0.00815 
0.008175 
0.0082 
0.008225 
0.00825 
0.008275 
0.0083 
0.008325 
0.00835 
0.008375 
0.0084 
0.008425 
0.00845 
0.008475 
0.0085 
0.008525 
0.00855 
0.008575 
0.0086 
0.008625 
0.00865 
0.008675 
0.0087 
0.008725 
0.00875 
0.008775 
0.0088 
0.008825 
0.00885 
0.008875 
0.0089 
0.008925 
0.00895 
0.008975 
0.009 
0.009025 
0.00905 
0.009075 
0.0091 
0.009125 
0.00915 
0.009175 
0.0092 
0.009225 
0.00925 
0.009275 
0.0093 
0.009325 
0.00935 
0.009375 
0.0094 
0.009425 
0.00945 
0.009475 
0.0095 
0.009525 
0.00955 
0.009575 
0.0096 
0.009625 
0.00965 
0.009675 
0.0097 
0.009725 
0.00975 
0.009775 
0.0098 
0.009825 
0.00985 
0.009875 
0.0099 
0.009925 
0.00995 
0.009975 
0.01 
0.010025 
0.01005 
0.010075 
0.0101 
0.010125 
0.01015 
0.010175 
0.0102 
0.010225 
0.01025 
0.010275 
0.0103 
0.010325 
0.01035 
0.010375 
0.0104 
0.010425 
0.01045 
0.010475 
0.0105 
0.010525 
0.01055 
0.010575 
0.0106 
0.010625 
0.01065 
0.010675 
0.0107 
0.010725 
0.01075 
0.010775 
0.0108 
0.010825 
0.01085 
0.010875 
0.0109 
0.010925 
0.01095 
0.010975 
0.011 
0.011025 
0.01105 
0.011075 
0.0111 
0.011125 
0.01115 
0.011175 
0.0112 
0.011225 
0.01125 
0.011275 
0.0113 
0.011325 
0.01135 
0.011375 
0.0114 
0.011425 
0.01145 
0.011475 
0.0115 
0.011525 
0.01155 
0.011575 
0.0116 
0.011625 
0.01165 
0.011675 
0.0117 
0.011725 
0.01175 
0.011775 
0.0118 
0.011825 
0.01185 
0.011875 
0.0119 
0.011925 
0.01195 
0.011975 
0.012 
0.012025 
0.01205 
0.012075 
0.0121 
0.012125 
0.01215 
0.012175 
0.0122 
0.012225 
0.01225 
0.012275 
0.0123 
0.012325 
0.01235 
0.012375 
0.0124 
0.012425 
0.01245 
0.012475 
0.0125 
0.012525 
0.01255 
0.012575 
0.0126 
0.012625 
0.01265 
0.012675 
0.0127 
0.012725 
0.01275 
0.012775 
0.0128 
0.012825 
0.01285 
0.012875 
0.0129 
0.012925 
0.01295 
0.012975 
0.013 
0.013025 
0.01305 
0.013075 
0.0131 
0.013125 
0.01315 
0.013175 
0.0132 
0.013225 
0.01325 
0.013275 
0.0133 
0.013325 
0.01335 
0.013375 
0.0134 
0.013425 
0.01345 
0.013475 
0.0135 
0.013525 
0.01355 
0.013575 
0.0136 
0.013625 
0.01365 
0.013675 
0.0137 
0.013725 
0.01375 
0.013775 
0.0138 
0.013825 
0.01385 
0.013875 
0.0139 
0.013925 
0.01395 
0.013975 
0.014 
0.014025 
0.01405 
0.014075 
0.0141 
0.014125 
0.01415 
0.014175 
0.0142 
0.014225 
0.01425 
0.014275 
0.0143 
0.014325 
0.01435 
0.014375 
0.0144 
0.014425 
0.01445 
0.014475 
0.0145 
0.014525 
0.01455 
0.014575 
0.0146 
0.014625 
0.01465 
0.014675 
0.0147 
0.014725 
0.01475 
0.014775 
0.0148 
0.014825 
0.01485 
0.014875 
0.0149 
0.014925 
0.01495 
0.014975 
0.015 
0.015025 
0.01505 
0.015075 
0.0151 
0.015125 
0.01515 
0.015175 
0.0152 
0.015225 
0.01525 
0.015275 
0.0153 
0.015325 
0.01535 
0.015375 
0.0154 
0.015425 
0.01545 
0.015475 
0.0155 
0.015525 
0.01555 
0.015575 
0.0156 
0.015625 
0.01565 
0.015675 
0.0157 
0.015725 
0.01575 
0.015775 
0.0158 
0.015825 
0.01585 
0.015875 
0.0159 
0.015925 
0.01595 
0.015975 
0.016 
0.016025 
0.01605 
0.016075 
0.0161 
0.016125 
0.01615 
0.016175 
0.0162 
0.016225 
0.01625 
0.016275 
0.0163 
0.016325 
0.01635 
0.016375 
0.0164 
0.016425 
0.01645 
0.016475 
0.0165 
0.016525 
0.01655 
0.016575 
0.0166 
0.016625 
0.01665 
0.016675 
0.0167 
0.016725 
0.01675 
0.016775 
0.0168 
0.016825 
0.01685 
0.016875 
0.0169 
0.016925 
0.01695 
0.016975 
0.017 
0.017025 
0.01705 
0.017075 
0.0171 
0.017125 
0.01715 
0.017175 
0.0172 
0.017225 
0.01725 
0.017275 
0.0173 
0.017325 
0.01735 
0.017375 
0.0174 
0.017425 
0.01745 
0.017475 
0.0175 
0.017525 
0.01755 
0.017575 
0.0176 
0.017625 
0.01765 
0.017675 
0.0177 
0.017725 
0.01775 
0.017775 
0.0178 
0.017825 
0.01785 
0.017875 
0.0179 
0.017925 
0.01795 
0.017975 
0.018 
0.018025 
0.01805 
0.018075 
0.0181 
0.018125 
0.01815 
0.018175 
0.0182 
0.018225 
0.01825 
0.018275 
0.0183 
0.018325 
0.01835 
0.018375 
0.0184 
0.018425 
0.01845 
0.018475 
0.0185 
0.018525 
0.01855 
0.018575 
0.0186 
0.018625 
0.01865 
0.018675 
0.0187 
0.018725 
0.01875 
0.018775 
0.0188 
0.018825 
0.01885 
0.018875 
0.0189 
0.018925 
0.01895 
0.018975 
0.019 
0.019025 
0.01905 
0.019075 
0.0191 
0.019125 
0.01915 
0.019175 
0.0192 
0.019225 
0.01925 
0.019275 
0.0193 
0.019325 
0.01935 
0.019375 
0.0194 
0.019425 
0.01945 
0.019475 
0.0195 
0.019525 
0.01955 
0.019575 
0.0196 
0.019625 
0.01965 
0.019675 
0.0197 
0.019725 
0.01975 
0.019775 
0.0198 
0.019825 
0.01985 
0.019875 
0.0199 
0.019925 
0.01995 
0.019975 
0.02 
0.020025 
0.02005 
0.020075 
0.0201 
0.020125 
0.02015 
0.020175 
0.0202 
0.020225 
0.02025 
0.020275 
0.0203 
0.020325 
0.02035 
0.020375 
0.0204 
0.020425 
0.02045 
0.020475 
0.0205 
0.020525 
0.02055 
0.020575 
0.0206 
0.020625 
0.02065 
0.020675 
0.0207 
0.020725 
0.02075 
0.020775 
0.0208 
0.020825 
0.02085 
0.020875 
0.0209 
0.020925 
0.02095 
0.020975 
0.021 
0.021025 
0.02105 
0.021075 
0.0211 
0.021125 
0.02115 
0.021175 
0.0212 
0.021225 
0.02125 
0.021275 
0.0213 
0.021325 
0.02135 
0.021375 
0.0214 
0.021425 
0.02145 
0.021475 
0.0215 
0.021525 
0.02155 
0.021575 
0.0216 
0.021625 
0.02165 
0.021675 
0.0217 
0.021725 
0.02175 
0.021775 
0.0218 
0.021825 
0.02185 
0.021875 
0.0219 
0.021925 
0.02195 
0.021975 
0.022 
0.022025 
0.02205 
0.022075 
0.0221 
0.022125 
0.02215 
0.022175 
0.0222 
0.022225 
0.02225 
0.022275 
0.0223 
0.022325 
0.02235 
0.022375 
0.0224 
0.022425 
0.02245 
0.022475 
0.0225 
0.022525 
0.02255 
0.022575 
0.0226 
0.022625 
0.02265 
0.022675 
0.0227 
0.022725 
0.02275 
0.022775 
0.0228 
0.022825 
0.02285 
0.022875 
0.0229 
0.022925 
0.02295 
0.022975 
0.023 
0.023025 
0.02305 
0.023075 
0.0231 
0.023125 
0.02315 
0.023175 
0.0232 
0.023225 
0.02325 
0.023275 
0.0233 
0.023325 
0.02335 
0.023375 
0.0234 
0.023425 
0.02345 
0.023475 
0.0235 
0.023525 
0.02355 
0.023575 
0.0236 
0.023625 
0.02365 
0.023675 
0.0237 
0.023725 
0.02375 
0.023775 
0.0238 
0.023825 
0.02385 
0.023875 
0.0239 
0.023925 
0.02395 
0.023975 
0.024 
0.024025 
0.02405 
0.024075 
0.0241 
0.024125 
0.02415 
0.024175 
0.0242 
0.024225 
0.02425 
0.024275 
0.0243 
0.024325 
0.02435 
0.024375 
0.0244 
0.024425 
0.02445 
0.024475 
0.0245 
0.024525 
0.02455 
0.024575 
0.0246 
0.024625 
0.02465 
0.024675 
0.0247 
0.024725 
0.02475 
0.024775 
0.0248 
0.024825 
0.02485 
0.024875 
0.0249 
0.024925 
0.02495 
0.024975 
0.025 
0.025025 
0.02505 
0.025075 
0.0251 
0.025125 
0.02515 
0.025175 
0.0252 
0.025225 
0.02525 
0.025275 
0.0253 
0.025325 
0.02535 
0.025375 
0.0254 
0.025425 
0.02545 
0.025475 
0.0255 
0.025525 
0.02555 
0.025575 
0.0256 
0.025625 
0.02565 
0.025675 
0.0257 
0.025725 
0.02575 
0.025775 
0.0258 
0.025825 
0.02585 
0.025875 
0.0259 
0.025925 
0.02595 
0.025975 
0.026 
0.026025 
0.02605 
0.026075 
0.0261 
0.026125 
0.02615 
0.026175 
0.0262 
0.026225 
0.02625 
0.026275 
0.0263 
0.026325 
0.02635 
0.026375 
0.0264 
0.026425 
0.02645 
0.026475 
0.0265 
0.026525 
0.02655 
0.026575 
0.0266 
0.026625 
0.02665 
0.026675 
0.0267 
0.026725 
0.02675 
0.026775 
0.0268 
0.026825 
0.02685 
0.026875 
0.0269 
0.026925 
0.02695 
0.026975 
0.027 
0.027025 
0.02705 
0.027075 
0.0271 
0.027125 
0.02715 
0.027175 
0.0272 
0.027225 
0.02725 
0.027275 
0.0273 
0.027325 
0.02735 
0.027375 
0.0274 
0.027425 
0.02745 
0.027475 
0.0275 
0.027525 
0.02755 
0.027575 
0.0276 
0.027625 
0.02765 
0.027675 
0.0277 
0.027725 
0.02775 
0.027775 
0.0278 
0.027825 
0.02785 
0.027875 
0.0279 
0.027925 
0.02795 
0.027975 
0.028 
0.028025 
0.02805 
0.028075 
0.0281 
0.028125 
0.02815 
0.028175 
0.0282 
0.028225 
0.02825 
0.028275 
0.0283 
0.028325 
0.02835 
0.028375 
0.0284 
0.028425 
0.02845 
0.028475 
0.0285 
0.028525 
0.02855 
0.028575 
0.0286 
0.028625 
0.02865 
0.028675 
0.0287 
0.028725 
0.02875 
0.028775 
0.0288 
0.028825 
0.02885 
0.028875 
0.0289 
0.028925 
0.02895 
0.028975 
0.029 
0.029025 
0.02905 
0.029075 
0.0291 
0.029125 
0.02915 
0.029175 
0.0292 
0.029225 
0.02925 
0.029275 
0.0293 
0.029325 
0.02935 
0.029375 
0.0294 
0.029425 
0.02945 
0.029475 
0.0295 
0.029525 
0.02955 
0.029575 
0.0296 
0.029625 
0.02965 
0.029675 
0.0297 
0.029725 
0.02975 
0.029775 
0.0298 
0.029825 
0.02985 
0.029875 
0.0299 
0.029925 
0.02995 
0.029975 
0.03 
0.030025 
0.03005 
0.030075 
0.0301 
0.030125 
0.03015 
0.030175 
0.0302 
0.030225 
0.03025 
0.030275 
0.0303 
0.030325 
0.03035 
0.030375 
0.0304 
0.030425 
0.03045 
0.030475 
0.0305 
0.030525 
0.03055 
0.030575 
0.0306 
0.030625 
0.03065 
0.030675 
0.0307 
0.030725 
0.03075 
0.030775 
0.0308 
0.030825 
0.03085 
0.030875 
0.0309 
0.030925 
0.03095 
0.030975 
0.031 
0.031025 
0.03105 
0.031075 
0.0311 
0.031125 
0.03115 
0.031175 
0.0312 
0.031225 
0.03125 
0.031275 
0.0313 
0.031325 
0.03135 
0.031375 
0.0314 
0.031425 
0.03145 
0.031475 
0.0315 
0.031525 
0.03155 
0.031575 
0.0316 
0.031625 
0.03165 
0.031675 
0.0317 
0.031725 
0.03175 
0.031775 
0.0318 
0.031825 
0.03185 
0.031875 
0.0319 
0.031925 
0.03195 
0.031975 
0.032 
0.032025 
0.03205 
0.032075 
0.0321 
0.032125 
0.03215 
0.032175 
0.0322 
0.032225 
0.03225 
0.032275 
0.0323 
0.032325 
0.03235 
0.032375 
0.0324 
0.032425 
0.03245 
0.032475 
0.0325 
0.032525 
0.03255 
0.032575 
0.0326 
0.032625 
0.03265 
0.032675 
0.0327 
0.032725 
0.03275 
0.032775 
0.0328 
0.032825 
0.03285 
0.032875 
0.0329 
0.032925 
0.03295 
0.032975 
0.033 
0.033025 
0.03305 
0.033075 
0.0331 
0.033125 
0.03315 
0.033175 
0.0332 
0.033225 
0.03325 
0.033275 
0.0333 
0.033325 
0.03335 
0.033375 
0.0334 
0.033425 
0.03345 
0.033475 
0.0335 
0.033525 
0.03355 
0.033575 
0.0336 
0.033625 
0.03365 
0.033675 
0.0337 
0.033725 
0.03375 
0.033775 
0.0338 
0.033825 
0.03385 
0.033875 
0.0339 
0.033925 
0.03395 
0.033975 
0.034 
0.034025 
0.03405 
0.034075 
0.0341 
0.034125 
0.03415 
0.034175 
0.0342 
0.034225 
0.03425 
0.034275 
0.0343 
0.034325 
0.03435 
0.034375 
0.0344 
0.034425 
0.03445 
0.034475 
0.0345 
0.034525 
0.03455 
0.034575 
0.0346 
0.034625 
0.03465 
0.034675 
0.0347 
0.034725 
0.03475 
0.034775 
0.0348 
0.034825 
0.03485 
0.034875 
0.0349 
0.034925 
0.03495 
0.034975 
0.035 
0.035025 
0.03505 
0.035075 
0.0351 
0.035125 
0.03515 
0.035175 
0.0352 
0.035225 
0.03525 
0.035275 
0.0353 
0.035325 
0.03535 
0.035375 
0.0354 
0.035425 
0.03545 
0.035475 
0.0355 
0.035525 
0.03555 
0.035575 
0.0356 
0.035625 
0.03565 
0.035675 
0.0357 
0.035725 
0.03575 
0.035775 
0.0358 
0.035825 
0.03585 
0.035875 
0.0359 
0.035925 
0.03595 
0.035975 
0.036 
0.036025 
0.03605 
0.036075 
0.0361 
0.036125 
0.03615 
0.036175 
0.0362 
0.036225 
0.03625 
0.036275 
0.0363 
0.036325 
0.03635 
0.036375 
0.0364 
0.036425 
0.03645 
0.036475 
0.0365 
0.036525 
0.03655 
0.036575 
0.0366 
0.036625 
0.03665 
0.036675 
0.0367 
0.036725 
0.03675 
0.036775 
0.0368 
0.036825 
0.03685 
0.036875 
0.0369 
0.036925 
0.03695 
0.036975 
0.037 
0.037025 
0.03705 
0.037075 
0.0371 
0.037125 
0.03715 
0.037175 
0.0372 
0.037225 
0.03725 
0.037275 
0.0373 
0.037325 
0.03735 
0.037375 
0.0374 
0.037425 
0.03745 
0.037475 
0.0375 
0.037525 
0.03755 
0.037575 
0.0376 
0.037625 
0.03765 
0.037675 
0.0377 
0.037725 
0.03775 
0.037775 
0.0378 
0.037825 
0.03785 
0.037875 
0.0379 
0.037925 
0.03795 
0.037975 
0.038 
0.038025 
0.03805 
0.038075 
0.0381 
0.038125 
0.03815 
0.038175 
0.0382 
0.038225 
0.03825 
0.038275 
0.0383 
0.038325 
0.03835 
0.038375 
0.0384 
0.038425 
0.03845 
0.038475 
0.0385 
0.038525 
0.03855 
0.038575 
0.0386 
0.038625 
0.03865 
0.038675 
0.0387 
0.038725 
0.03875 
0.038775 
0.0388 
0.038825 
0.03885 
0.038875 
0.0389 
0.038925 
0.03895 
0.038975 
0.039 
0.039025 
0.03905 
0.039075 
0.0391 
0.039125 
0.03915 
0.039175 
0.0392 
0.039225 
0.03925 
0.039275 
0.0393 
0.039325 
0.03935 
0.039375 
0.0394 
0.039425 
0.03945 
0.039475 
0.0395 
0.039525 
0.03955 
0.039575 
0.0396 
0.039625 
0.03965 
0.039675 
0.0397 
0.039725 
0.03975 
0.039775 
0.0398 
0.039825 
0.03985 
0.039875 
0.0399 
0.039925 
0.03995 
0.039975 
0.04 
0.040025 
0.04005 
0.040075 
0.0401 
0.040125 
0.04015 
0.040175 
0.0402 
0.040225 
0.04025 
0.040275 
0.0403 
0.040325 
0.04035 
0.040375 
0.0404 
0.040425 
0.04045 
0.040475 
0.0405 
0.040525 
0.04055 
0.040575 
0.0406 
0.040625 
0.04065 
0.040675 
0.0407 
0.040725 
0.04075 
0.040775 
0.0408 
0.040825 
0.04085 
0.040875 
0.0409 
0.040925 
0.04095 
0.040975 
0.041 
0.041025 
0.04105 
0.041075 
0.0411 
0.041125 
0.04115 
0.041175 
0.0412 
0.041225 
0.04125 
0.041275 
0.0413 
0.041325 
0.04135 
0.041375 
0.0414 
0.041425 
0.04145 
0.041475 
0.0415 
0.041525 
0.04155 
0.041575 
0.0416 
0.041625 
0.04165 
0.041675 
0.0417 
0.041725 
0.04175 
0.041775 
0.0418 
0.041825 
0.04185 
0.041875 
0.0419 
0.041925 
0.04195 
0.041975 
0.042 
0.042025 
0.04205 
0.042075 
0.0421 
0.042125 
0.04215 
0.042175 
0.0422 
0.042225 
0.04225 
0.042275 
0.0423 
0.042325 
0.04235 
0.042375 
0.0424 
0.042425 
0.04245 
0.042475 
0.0425 
0.042525 
0.04255 
0.042575 
0.0426 
0.042625 
0.04265 
0.042675 
0.0427 
0.042725 
0.04275 
0.042775 
0.0428 
0.042825 
0.04285 
0.042875 
0.0429 
0.042925 
0.04295 
0.042975 
0.043 
0.043025 
0.04305 
0.043075 
0.0431 
0.043125 
0.04315 
0.043175 
0.0432 
0.043225 
0.04325 
0.043275 
0.0433 
0.043325 
0.04335 
0.043375 
0.0434 
0.043425 
0.04345 
0.043475 
0.0435 
0.043525 
0.04355 
0.043575 
0.0436 
0.043625 
0.04365 
0.043675 
0.0437 
0.043725 
0.04375 
0.043775 
0.0438 
0.043825 
0.04385 
0.043875 
0.0439 
0.043925 
0.04395 
0.043975 
0.044 
0.044025 
0.04405 
0.044075 
0.0441 
0.044125 
0.04415 
0.044175 
0.0442 
0.044225 
0.04425 
0.044275 
0.0443 
0.044325 
0.04435 
0.044375 
0.0444 
0.044425 
0.04445 
0.044475 
0.0445 
0.044525 
0.04455 
0.044575 
0.0446 
0.044625 
0.04465 
0.044675 
0.0447 
0.044725 
0.04475 
0.044775 
0.0448 
0.044825 
0.04485 
0.044875 
0.0449 
0.044925 
0.04495 
0.044975 
0.045 
0.045025 
0.04505 
0.045075 
0.0451 
0.045125 
0.04515 
0.045175 
0.0452 
0.045225 
0.04525 
0.045275 
0.0453 
0.045325 
0.04535 
0.045375 
0.0454 
0.045425 
0.04545 
0.045475 
0.0455 
0.045525 
0.04555 
0.045575 
0.0456 
0.045625 
0.04565 
0.045675 
0.0457 
0.045725 
0.04575 
0.045775 
0.0458 
0.045825 
0.04585 
0.045875 
0.0459 
0.045925 
0.04595 
0.045975 
0.046 
0.046025 
0.04605 
0.046075 
0.0461 
0.046125 
0.04615 
0.046175 
0.0462 
0.046225 
0.04625 
0.046275 
0.0463 
0.046325 
0.04635 
0.046375 
0.0464 
0.046425 
0.04645 
0.046475 
0.0465 
0.046525 
0.04655 
0.046575 
0.0466 
0.046625 
0.04665 
0.046675 
0.0467 
0.046725 
0.04675 
0.046775 
0.0468 
0.046825 
0.04685 
0.046875 
0.0469 
0.046925 
0.04695 
0.046975 
0.047 
0.047025 
0.04705 
0.047075 
0.0471 
0.047125 
0.04715 
0.047175 
0.0472 
0.047225 
0.04725 
0.047275 
0.0473 
0.047325 
0.04735 
0.047375 
0.0474 
0.047425 
0.04745 
0.047475 
0.0475 
0.047525 
0.04755 
0.047575 
0.0476 
0.047625 
0.04765 
0.047675 
0.0477 
0.047725 
0.04775 
0.047775 
0.0478 
0.047825 
0.04785 
0.047875 
0.0479 
0.047925 
0.04795 
0.047975 
0.048 
0.048025 
0.04805 
0.048075 
0.0481 
0.048125 
0.04815 
0.048175 
0.0482 
0.048225 
0.04825 
0.048275 
0.0483 
0.048325 
0.04835 
0.048375 
0.0484 
0.048425 
0.04845 
0.048475 
0.0485 
0.048525 
0.04855 
0.048575 
0.0486 
0.048625 
0.04865 
0.048675 
0.0487 
0.048725 
0.04875 
0.048775 
0.0488 
0.048825 
0.04885 
0.048875 
0.0489 
0.048925 
0.04895 
0.048975 
0.049 
0.049025 
0.04905 
0.049075 
0.0491 
0.049125 
0.04915 
0.049175 
0.0492 
0.049225 
0.04925 
0.049275 
0.0493 
0.049325 
0.04935 
0.049375 
0.0494 
0.049425 
0.04945 
0.049475 
0.0495 
0.049525 
0.04955 
0.049575 
0.0496 
0.049625 
0.04965 
0.049675 
0.0497 
0.049725 
0.04975 
0.049775 
0.0498 
0.049825 
0.04985 
0.049875 
0.0499 
0.049925 
0.04995 
0.049975 
0.05 
0.050025 
0.05005 
0.050075 
0.0501 
0.050125 
0.05015 
0.050175 
0.0502 
0.050225 
0.05025 
0.050275 
0.0503 
0.050325 
0.05035 
0.050375 
0.0504 
0.050425 
0.05045 
0.050475 
0.0505 
0.050525 
0.05055 
0.050575 
0.0506 
0.050625 
0.05065 
0.050675 
0.0507 
0.050725 
0.05075 
0.050775 
0.0508 
0.050825 
0.05085 
0.050875 
0.0509 
0.050925 
0.05095 
0.050975 
0.051 
0.051025 
0.05105 
0.051075 
0.0511 
0.051125 
0.05115 
0.051175 
0.0512 
0.051225 
0.05125 
0.051275 
0.0513 
0.051325 
0.05135 
0.051375 
0.0514 
0.051425 
0.05145 
0.051475 
0.0515 
0.051525 
0.05155 
0.051575 
0.0516 
0.051625 
0.05165 
0.051675 
0.0517 
0.051725 
0.05175 
0.051775 
0.0518 
0.051825 
0.05185 
0.051875 
0.0519 
0.051925 
0.05195 
0.051975 
0.052 
0.052025 
0.05205 
0.052075 
0.0521 
0.052125 
0.05215 
0.052175 
0.0522 
0.052225 
0.05225 
0.052275 
0.0523 
0.052325 
0.05235 
0.052375 
0.0524 
0.052425 
0.05245 
0.052475 
0.0525 
0.052525 
0.05255 
0.052575 
0.0526 
0.052625 
0.05265 
0.052675 
0.0527 
0.052725 
0.05275 
0.052775 
0.0528 
0.052825 
0.05285 
0.052875 
0.0529 
0.052925 
0.05295 
0.052975 
0.053 
0.053025 
0.05305 
0.053075 
0.0531 
0.053125 
0.05315 
0.053175 
0.0532 
0.053225 
0.05325 
0.053275 
0.0533 
0.053325 
0.05335 
0.053375 
0.0534 
0.053425 
0.05345 
0.053475 
0.0535 
0.053525 
0.05355 
0.053575 
0.0536 
0.053625 
0.05365 
0.053675 
0.0537 
0.053725 
0.05375 
0.053775 
0.0538 
0.053825 
0.05385 
0.053875 
0.0539 
0.053925 
0.05395 
0.053975 
0.054 
0.054025 
0.05405 
0.054075 
0.0541 
0.054125 
0.05415 
0.054175 
0.0542 
0.054225 
0.05425 
0.054275 
0.0543 
0.054325 
0.05435 
0.054375 
0.0544 
0.054425 
0.05445 
0.054475 
0.0545 
0.054525 
0.05455 
0.054575 
0.0546 
0.054625 
0.05465 
0.054675 
0.0547 
0.054725 
0.05475 
0.054775 
0.0548 
0.054825 
0.05485 
0.054875 
0.0549 
0.054925 
0.05495 
0.054975 
0.055 
0.055025 
0.05505 
0.055075 
0.0551 
0.055125 
0.05515 
0.055175 
0.0552 
0.055225 
0.05525 
0.055275 
0.0553 
0.055325 
0.05535 
0.055375 
0.0554 
0.055425 
0.05545 
0.055475 
0.0555 
0.055525 
0.05555 
0.055575 
0.0556 
0.055625 
0.05565 
0.055675 
0.0557 
0.055725 
0.05575 
0.055775 
0.0558 
0.055825 
0.05585 
0.055875 
0.0559 
0.055925 
0.05595 
0.055975 
0.056 
0.056025 
0.05605 
0.056075 
0.0561 
0.056125 
0.05615 
0.056175 
0.0562 
0.056225 
0.05625 
0.056275 
0.0563 
0.056325 
0.05635 
0.056375 
0.0564 
0.056425 
0.05645 
0.056475 
0.0565 
0.056525 
0.05655 
0.056575 
0.0566 
0.056625 
0.05665 
0.056675 
0.0567 
0.056725 
0.05675 
0.056775 
0.0568 
0.056825 
0.05685 
0.056875 
0.0569 
0.056925 
0.05695 
0.056975 
0.057 
0.057025 
0.05705 
0.057075 
0.0571 
0.057125 
0.05715 
0.057175 
0.0572 
0.057225 
0.05725 
0.057275 
0.0573 
0.057325 
0.05735 
0.057375 
0.0574 
0.057425 
0.05745 
0.057475 
0.0575 
0.057525 
0.05755 
0.057575 
0.0576 
0.057625 
0.05765 
0.057675 
0.0577 
0.057725 
0.05775 
0.057775 
0.0578 
0.057825 
0.05785 
0.057875 
0.0579 
0.057925 
0.05795 
0.057975 
0.058 
0.058025 
0.05805 
0.058075 
0.0581 
0.058125 
0.05815 
0.058175 
0.0582 
0.058225 
0.05825 
0.058275 
0.0583 
0.058325 
0.05835 
0.058375 
0.0584 
0.058425 
0.05845 
0.058475 
0.0585 
0.058525 
0.05855 
0.058575 
0.0586 
0.058625 
0.05865 
0.058675 
0.0587 
0.058725 
0.05875 
0.058775 
0.0588 
0.058825 
0.05885 
0.058875 
0.0589 
0.058925 
0.05895 
0.058975 
0.059 
0.059025 
0.05905 
0.059075 
0.0591 
0.059125 
0.05915 
0.059175 
0.0592 
0.059225 
0.05925 
0.059275 
0.0593 
0.059325 
0.05935 
0.059375 
0.0594 
0.059425 
0.05945 
0.059475 
0.0595 
0.059525 
0.05955 
0.059575 
0.0596 
0.059625 
0.05965 
0.059675 
0.0597 
0.059725 
0.05975 
0.059775 
0.0598 
0.059825 
0.05985 
0.059875 
0.0599 
0.059925 
0.05995 
0.059975 
0.06 
0.060025 
0.06005 
0.060075 
0.0601 
0.060125 
0.06015 
0.060175 
0.0602 
0.060225 
0.06025 
0.060275 
0.0603 
0.060325 
0.06035 
0.060375 
0.0604 
0.060425 
0.06045 
0.060475 
0.0605 
0.060525 
0.06055 
0.060575 
0.0606 
0.060625 
0.06065 
0.060675 
0.0607 
0.060725 
0.06075 
0.060775 
0.0608 
0.060825 
0.06085 
0.060875 
0.0609 
0.060925 
0.06095 
0.060975 
0.061 
0.061025 
0.06105 
0.061075 
0.0611 
0.061125 
0.06115 
0.061175 
0.0612 
0.061225 
0.06125 
0.061275 
0.0613 
0.061325 
0.06135 
0.061375 
0.0614 
0.061425 
0.06145 
0.061475 
0.0615 
0.061525 
0.06155 
0.061575 
0.0616 
0.061625 
0.06165 
0.061675 
0.0617 
0.061725 
0.06175 
0.061775 
0.0618 
0.061825 
0.06185 
0.061875 
0.0619 
0.061925 
0.06195 
0.061975 
0.062 
0.062025 
0.06205 
0.062075 
0.0621 
0.062125 
0.06215 
0.062175 
0.0622 
0.062225 
0.06225 
0.062275 
0.0623 
0.062325 
0.06235 
0.062375 
0.0624 
0.062425 
0.06245 
0.062475 
0.0625 
0.062525 
0.06255 
0.062575 
0.0626 
0.062625 
0.06265 
0.062675 
0.0627 
0.062725 
0.06275 
0.062775 
0.0628 
0.062825 
0.06285 
0.062875 
0.0629 
0.062925 
0.06295 
0.062975 
0.063 
0.063025 
0.06305 
0.063075 
0.0631 
0.063125 
0.06315 
0.063175 
0.0632 
0.063225 
0.06325 
0.063275 
0.0633 
0.063325 
0.06335 
0.063375 
0.0634 
0.063425 
0.06345 
0.063475 
0.0635 
0.063525 
0.06355 
0.063575 
0.0636 
0.063625 
0.06365 
0.063675 
0.0637 
0.063725 
0.06375 
0.063775 
0.0638 
0.063825 
0.06385 
0.063875 
0.0639 
0.063925 
0.06395 
0.063975 
0.064 
0.064025 
0.06405 
0.064075 
0.0641 
0.064125 
0.06415 
0.064175 
0.0642 
0.064225 
0.06425 
0.064275 
0.0643 
0.064325 
0.06435 
0.064375 
0.0644 
0.064425 
0.06445 
0.064475 
0.0645 
0.064525 
0.06455 
0.064575 
0.0646 
0.064625 
0.06465 
0.064675 
0.0647 
0.064725 
0.06475 
0.064775 
0.0648 
0.064825 
0.06485 
0.064875 
0.0649 
0.064925 
0.06495 
0.064975 
0.065 
0.065025 
0.06505 
0.065075 
0.0651 
0.065125 
0.06515 
0.065175 
0.0652 
0.065225 
0.06525 
0.065275 
0.0653 
0.065325 
0.06535 
0.065375 
0.0654 
0.065425 
0.06545 
0.065475 
0.0655 
0.065525 
0.06555 
0.065575 
0.0656 
0.065625 
0.06565 
0.065675 
0.0657 
0.065725 
0.06575 
0.065775 
0.0658 
0.065825 
0.06585 
0.065875 
0.0659 
0.065925 
0.06595 
0.065975 
0.066 
0.066025 
0.06605 
0.066075 
0.0661 
0.066125 
0.06615 
0.066175 
0.0662 
0.066225 
0.06625 
0.066275 
0.0663 
0.066325 
0.06635 
0.066375 
0.0664 
0.066425 
0.06645 
0.066475 
0.0665 
0.066525 
0.06655 
0.066575 
0.0666 
0.066625 
0.06665 
0.066675 
0.0667 
0.066725 
0.06675 
0.066775 
0.0668 
0.066825 
0.06685 
0.066875 
0.0669 
0.066925 
0.06695 
0.066975 
0.067 
0.067025 
0.06705 
0.067075 
0.0671 
0.067125 
0.06715 
0.067175 
0.0672 
0.067225 
0.06725 
0.067275 
0.0673 
0.067325 
0.06735 
0.067375 
0.0674 
0.067425 
0.06745 
0.067475 
0.0675 
0.067525 
0.06755 
0.067575 
0.0676 
0.067625 
0.06765 
0.067675 
0.0677 
0.067725 
0.06775 
0.067775 
0.0678 
0.067825 
0.06785 
0.067875 
0.0679 
0.067925 
0.06795 
0.067975 
0.068 
0.068025 
0.06805 
0.068075 
0.0681 
0.068125 
0.06815 
0.068175 
0.0682 
0.068225 
0.06825 
0.068275 
0.0683 
0.068325 
0.06835 
0.068375 
0.0684 
0.068425 
0.06845 
0.068475 
0.0685 
0.068525 
0.06855 
0.068575 
0.0686 
0.068625 
0.06865 
0.068675 
0.0687 
0.068725 
0.06875 
0.068775 
0.0688 
0.068825 
0.06885 
0.068875 
0.0689 
0.068925 
0.06895 
0.068975 
0.069 
0.069025 
0.06905 
0.069075 
0.0691 
0.069125 
0.06915 
0.069175 
0.0692 
0.069225 
0.06925 
0.069275 
0.0693 
0.069325 
0.06935 
0.069375 
0.0694 
0.069425 
0.06945 
0.069475 
0.0695 
0.069525 
0.06955 
0.069575 
0.0696 
0.069625 
0.06965 
0.069675 
0.0697 
0.069725 
0.06975 
0.069775 
0.0698 
0.069825 
0.06985 
0.069875 
0.0699 
0.069925 
0.06995 
0.069975 
0.07 
0.070025 
0.07005 
0.070075 
0.0701 
0.070125 
0.07015 
0.070175 
0.0702 
0.070225 
0.07025 
0.070275 
0.0703 
0.070325 
0.07035 
0.070375 
0.0704 
0.070425 
0.07045 
0.070475 
0.0705 
0.070525 
0.07055 
0.070575 
0.0706 
0.070625 
0.07065 
0.070675 
0.0707 
0.070725 
0.07075 
0.070775 
0.0708 
0.070825 
0.07085 
0.070875 
0.0709 
0.070925 
0.07095 
0.070975 
0.071 
0.071025 
0.07105 
0.071075 
0.0711 
0.071125 
0.07115 
0.071175 
0.0712 
0.071225 
0.07125 
0.071275 
0.0713 
0.071325 
0.07135 
0.071375 
0.0714 
0.071425 
0.07145 
0.071475 
0.0715 
0.071525 
0.07155 
0.071575 
0.0716 
0.071625 
0.07165 
0.071675 
0.0717 
0.071725 
0.07175 
0.071775 
0.0718 
0.071825 
0.07185 
0.071875 
0.0719 
0.071925 
0.07195 
0.071975 
0.072 
0.072025 
0.07205 
0.072075 
0.0721 
0.072125 
0.07215 
0.072175 
0.0722 
0.072225 
0.07225 
0.072275 
0.0723 
0.072325 
0.07235 
0.072375 
0.0724 
0.072425 
0.07245 
0.072475 
0.0725 
0.072525 
0.07255 
0.072575 
0.0726 
0.072625 
0.07265 
0.072675 
0.0727 
0.072725 
0.07275 
0.072775 
0.0728 
0.072825 
0.07285 
0.072875 
0.0729 
0.072925 
0.07295 
0.072975 
0.073 
0.073025 
0.07305 
0.073075 
0.0731 
0.073125 
0.07315 
0.073175 
0.0732 
0.073225 
0.07325 
0.073275 
0.0733 
0.073325 
0.07335 
0.073375 
0.0734 
0.073425 
0.07345 
0.073475 
0.0735 
0.073525 
0.07355 
0.073575 
0.0736 
0.073625 
0.07365 
0.073675 
0.0737 
0.073725 
0.07375 
0.073775 
0.0738 
0.073825 
0.07385 
0.073875 
0.0739 
0.073925 
0.07395 
0.073975 
0.074 
0.074025 
0.07405 
0.074075 
0.0741 
0.074125 
0.07415 
0.074175 
0.0742 
0.074225 
0.07425 
0.074275 
0.0743 
0.074325 
0.07435 
0.074375 
0.0744 
0.074425 
0.07445 
0.074475 
0.0745 
0.074525 
0.07455 
0.074575 
0.0746 
0.074625 
0.07465 
0.074675 
0.0747 
0.074725 
0.07475 
0.074775 
0.0748 
0.074825 
0.07485 
0.074875 
0.0749 
0.074925 
0.07495 
0.074975 
0.075 
0.075025 
0.07505 
0.075075 
0.0751 
0.075125 
0.07515 
0.075175 
0.0752 
0.075225 
0.07525 
0.075275 
0.0753 
0.075325 
0.07535 
0.075375 
0.0754 
0.075425 
0.07545 
0.075475 
0.0755 
0.075525 
0.07555 
0.075575 
0.0756 
0.075625 
0.07565 
0.075675 
0.0757 
0.075725 
0.07575 
0.075775 
0.0758 
0.075825 
0.07585 
0.075875 
0.0759 
0.075925 
0.07595 
0.075975 
0.076 
0.076025 
0.07605 
0.076075 
0.0761 
0.076125 
0.07615 
0.076175 
0.0762 
0.076225 
0.07625 
0.076275 
0.0763 
0.076325 
0.07635 
0.076375 
0.0764 
0.076425 
0.07645 
0.076475 
0.0765 
0.076525 
0.07655 
0.076575 
0.0766 
0.076625 
0.07665 
0.076675 
0.0767 
0.076725 
0.07675 
0.076775 
0.0768 
0.076825 
0.07685 
0.076875 
0.0769 
0.076925 
0.07695 
0.076975 
0.077 
0.077025 
0.07705 
0.077075 
0.0771 
0.077125 
0.07715 
0.077175 
0.0772 
0.077225 
0.07725 
0.077275 
0.0773 
0.077325 
0.07735 
0.077375 
0.0774 
0.077425 
0.07745 
0.077475 
0.0775 
0.077525 
0.07755 
0.077575 
0.0776 
0.077625 
0.07765 
0.077675 
0.0777 
0.077725 
0.07775 
0.077775 
0.0778 
0.077825 
0.07785 
0.077875 
0.0779 
0.077925 
0.07795 
0.077975 
0.078 
0.078025 
0.07805 
0.078075 
0.0781 
0.078125 
0.07815 
0.078175 
0.0782 
0.078225 
0.07825 
0.078275 
0.0783 
0.078325 
0.07835 
0.078375 
0.0784 
0.078425 
0.07845 
0.078475 
0.0785 
0.078525 
0.07855 
0.078575 
0.0786 
0.078625 
0.07865 
0.078675 
0.0787 
0.078725 
0.07875 
0.078775 
0.0788 
0.078825 
0.07885 
0.078875 
0.0789 
0.078925 
0.07895 
0.078975 
0.079 
0.079025 
0.07905 
0.079075 
0.0791 
0.079125 
0.07915 
0.079175 
0.0792 
0.079225 
0.07925 
0.079275 
0.0793 
0.079325 
0.07935 
0.079375 
0.0794 
0.079425 
0.07945 
0.079475 
0.0795 
0.079525 
0.07955 
0.079575 
0.0796 
0.079625 
0.07965 
0.079675 
0.0797 
0.079725 
0.07975 
0.079775 
0.0798 
0.079825 
0.07985 
0.079875 
0.0799 
0.079925 
0.07995 
0.079975 
0.08 
0.080025 
0.08005 
0.080075 
0.0801 
0.080125 
0.08015 
0.080175 
0.0802 
0.080225 
0.08025 
0.080275 
0.0803 
0.080325 
0.08035 
0.080375 
0.0804 
0.080425 
0.08045 
0.080475 
0.0805 
0.080525 
0.08055 
0.080575 
0.0806 
0.080625 
0.08065 
0.080675 
0.0807 
0.080725 
0.08075 
0.080775 
0.0808 
0.080825 
0.08085 
0.080875 
0.0809 
0.080925 
0.08095 
0.080975 
0.081 
0.081025 
0.08105 
0.081075 
0.0811 
0.081125 
0.08115 
0.081175 
0.0812 
0.081225 
0.08125 
0.081275 
0.0813 
0.081325 
0.08135 
0.081375 
0.0814 
0.081425 
0.08145 
0.081475 
0.0815 
0.081525 
0.08155 
0.081575 
0.0816 
0.081625 
0.08165 
0.081675 
0.0817 
0.081725 
0.08175 
0.081775 
0.0818 
0.081825 
0.08185 
0.081875 
0.0819 
0.081925 
0.08195 
0.081975 
0.082 
0.082025 
0.08205 
0.082075 
0.0821 
0.082125 
0.08215 
0.082175 
0.0822 
0.082225 
0.08225 
0.082275 
0.0823 
0.082325 
0.08235 
0.082375 
0.0824 
0.082425 
0.08245 
0.082475 
0.0825 
0.082525 
0.08255 
0.082575 
0.0826 
0.082625 
0.08265 
0.082675 
0.0827 
0.082725 
0.08275 
0.082775 
0.0828 
0.082825 
0.08285 
0.082875 
0.0829 
0.082925 
0.08295 
0.082975 
0.083 
0.083025 
0.08305 
0.083075 
0.0831 
0.083125 
0.08315 
0.083175 
0.0832 
0.083225 
0.08325 
0.083275 
0.0833 
0.083325 
0.08335 
0.083375 
0.0834 
0.083425 
0.08345 
0.083475 
0.0835 
0.083525 
0.08355 
0.083575 
0.0836 
0.083625 
0.08365 
0.083675 
0.0837 
0.083725 
0.08375 
0.083775 
0.0838 
0.083825 
0.08385 
0.083875 
0.0839 
0.083925 
0.08395 
0.083975 
0.084 
0.084025 
0.08405 
0.084075 
0.0841 
0.084125 
0.08415 
0.084175 
0.0842 
0.084225 
0.08425 
0.084275 
0.0843 
0.084325 
0.08435 
0.084375 
0.0844 
0.084425 
0.08445 
0.084475 
0.0845 
0.084525 
0.08455 
0.084575 
0.0846 
0.084625 
0.08465 
0.084675 
0.0847 
0.084725 
0.08475 
0.084775 
0.0848 
0.084825 
0.08485 
0.084875 
0.0849 
0.084925 
0.08495 
0.084975 
0.085 
0.085025 
0.08505 
0.085075 
0.0851 
0.085125 
0.08515 
0.085175 
0.0852 
0.085225 
0.08525 
0.085275 
0.0853 
0.085325 
0.08535 
0.085375 
0.0854 
0.085425 
0.08545 
0.085475 
0.0855 
0.085525 
0.08555 
0.085575 
0.0856 
0.085625 
0.08565 
0.085675 
0.0857 
0.085725 
0.08575 
0.085775 
0.0858 
0.085825 
0.08585 
0.085875 
0.0859 
0.085925 
0.08595 
0.085975 
0.086 
0.086025 
0.08605 
0.086075 
0.0861 
0.086125 
0.08615 
0.086175 
0.0862 
0.086225 
0.08625 
0.086275 
0.0863 
0.086325 
0.08635 
0.086375 
0.0864 
0.086425 
0.08645 
0.086475 
0.0865 
0.086525 
0.08655 
0.086575 
0.0866 
0.086625 
0.08665 
0.086675 
0.0867 
0.086725 
0.08675 
0.086775 
0.0868 
0.086825 
0.08685 
0.086875 
0.0869 
0.086925 
0.08695 
0.086975 
0.087 
0.087025 
0.08705 
0.087075 
0.0871 
0.087125 
0.08715 
0.087175 
0.0872 
0.087225 
0.08725 
0.087275 
0.0873 
0.087325 
0.08735 
0.087375 
0.0874 
0.087425 
0.08745 
0.087475 
0.0875 
0.087525 
0.08755 
0.087575 
0.0876 
0.087625 
0.08765 
0.087675 
0.0877 
0.087725 
0.08775 
0.087775 
0.0878 
0.087825 
0.08785 
0.087875 
0.0879 
0.087925 
0.08795 
0.087975 
0.088 
0.088025 
0.08805 
0.088075 
0.0881 
0.088125 
0.08815 
0.088175 
0.0882 
0.088225 
0.08825 
0.088275 
0.0883 
0.088325 
0.08835 
0.088375 
0.0884 
0.088425 
0.08845 
0.088475 
0.0885 
0.088525 
0.08855 
0.088575 
0.0886 
0.088625 
0.08865 
0.088675 
0.0887 
0.088725 
0.08875 
0.088775 
0.0888 
0.088825 
0.08885 
0.088875 
0.0889 
0.088925 
0.08895 
0.088975 
0.089 
0.089025 
0.08905 
0.089075 
0.0891 
0.089125 
0.08915 
0.089175 
0.0892 
0.089225 
0.08925 
0.089275 
0.0893 
0.089325 
0.08935 
0.089375 
0.0894 
0.089425 
0.08945 
0.089475 
0.0895 
0.089525 
0.08955 
0.089575 
0.0896 
0.089625 
0.08965 
0.089675 
0.0897 
0.089725 
0.08975 
0.089775 
0.0898 
0.089825 
0.08985 
0.089875 
0.0899 
0.089925 
0.08995 
0.089975 
0.09 
0.090025 
0.09005 
0.090075 
0.0901 
0.090125 
0.09015 
0.090175 
0.0902 
0.090225 
0.09025 
0.090275 
0.0903 
0.090325 
0.09035 
0.090375 
0.0904 
0.090425 
0.09045 
0.090475 
0.0905 
0.090525 
0.09055 
0.090575 
0.0906 
0.090625 
0.09065 
0.090675 
0.0907 
0.090725 
0.09075 
0.090775 
0.0908 
0.090825 
0.09085 
0.090875 
0.0909 
0.090925 
0.09095 
0.090975 
0.091 
0.091025 
0.09105 
0.091075 
0.0911 
0.091125 
0.09115 
0.091175 
0.0912 
0.091225 
0.09125 
0.091275 
0.0913 
0.091325 
0.09135 
0.091375 
0.0914 
0.091425 
0.09145 
0.091475 
0.0915 
0.091525 
0.09155 
0.091575 
0.0916 
0.091625 
0.09165 
0.091675 
0.0917 
0.091725 
0.09175 
0.091775 
0.0918 
0.091825 
0.09185 
0.091875 
0.0919 
0.091925 
0.09195 
0.091975 
0.092 
0.092025 
0.09205 
0.092075 
0.0921 
0.092125 
0.09215 
0.092175 
0.0922 
0.092225 
0.09225 
0.092275 
0.0923 
0.092325 
0.09235 
0.092375 
0.0924 
0.092425 
0.09245 
0.092475 
0.0925 
0.092525 
0.09255 
0.092575 
0.0926 
0.092625 
0.09265 
0.092675 
0.0927 
0.092725 
0.09275 
0.092775 
0.0928 
0.092825 
0.09285 
0.092875 
0.0929 
0.092925 
0.09295 
0.092975 
0.093 
0.093025 
0.09305 
0.093075 
0.0931 
0.093125 
0.09315 
0.093175 
0.0932 
0.093225 
0.09325 
0.093275 
0.0933 
0.093325 
0.09335 
0.093375 
0.0934 
0.093425 
0.09345 
0.093475 
0.0935 
0.093525 
0.09355 
0.093575 
0.0936 
0.093625 
0.09365 
0.093675 
0.0937 
0.093725 
0.09375 
0.093775 
0.0938 
0.093825 
0.09385 
0.093875 
0.0939 
0.093925 
0.09395 
0.093975 
0.094 
0.094025 
0.09405 
0.094075 
0.0941 
0.094125 
0.09415 
0.094175 
0.0942 
0.094225 
0.09425 
0.094275 
0.0943 
0.094325 
0.09435 
0.094375 
0.0944 
0.094425 
0.09445 
0.094475 
0.0945 
0.094525 
0.09455 
0.094575 
0.0946 
0.094625 
0.09465 
0.094675 
0.0947 
0.094725 
0.09475 
0.094775 
0.0948 
0.094825 
0.09485 
0.094875 
0.0949 
0.094925 
0.09495 
0.094975 
0.095 
0.095025 
0.09505 
0.095075 
0.0951 
0.095125 
0.09515 
0.095175 
0.0952 
0.095225 
0.09525 
0.095275 
0.0953 
0.095325 
0.09535 
0.095375 
0.0954 
0.095425 
0.09545 
0.095475 
0.0955 
0.095525 
0.09555 
0.095575 
0.0956 
0.095625 
0.09565 
0.095675 
0.0957 
0.095725 
0.09575 
0.095775 
0.0958 
0.095825 
0.09585 
0.095875 
0.0959 
0.095925 
0.09595 
0.095975 
0.096 
0.096025 
0.09605 
0.096075 
0.0961 
0.096125 
0.09615 
0.096175 
0.0962 
0.096225 
0.09625 
0.096275 
0.0963 
0.096325 
0.09635 
0.096375 
0.0964 
0.096425 
0.09645 
0.096475 
0.0965 
0.096525 
0.09655 
0.096575 
0.0966 
0.096625 
0.09665 
0.096675 
0.0967 
0.096725 
0.09675 
0.096775 
0.0968 
0.096825 
0.09685 
0.096875 
0.0969 
0.096925 
0.09695 
0.096975 
0.097 
0.097025 
0.09705 
0.097075 
0.0971 
0.097125 
0.09715 
0.097175 
0.0972 
0.097225 
0.09725 
0.097275 
0.0973 
0.097325 
0.09735 
0.097375 
0.0974 
0.097425 
0.09745 
0.097475 
0.0975 
0.097525 
0.09755 
0.097575 
0.0976 
0.097625 
0.09765 
0.097675 
0.0977 
0.097725 
0.09775 
0.097775 
0.0978 
0.097825 
0.09785 
0.097875 
0.0979 
0.097925 
0.09795 
0.097975 
0.098 
0.098025 
0.09805 
0.098075 
0.0981 
0.098125 
0.09815 
0.098175 
0.0982 
0.098225 
0.09825 
0.098275 
0.0983 
0.098325 
0.09835 
0.098375 
0.0984 
0.098425 
0.09845 
0.098475 
0.0985 
0.098525 
0.09855 
0.098575 
0.0986 
0.098625 
0.09865 
0.098675 
0.0987 
0.098725 
0.09875 
0.098775 
0.0988 
0.098825 
0.09885 
0.098875 
0.0989 
0.098925 
0.09895 
0.098975 
0.099 
0.099025 
0.09905 
0.099075 
0.0991 
0.099125 
0.09915 
0.099175 
0.0992 
0.099225 
0.09925 
0.099275 
0.0993 
0.099325 
0.09935 
0.099375 
0.0994 
0.099425 
0.09945 
0.099475 
0.0995 
0.099525 
0.09955 
0.099575 
0.0996 
0.099625 
0.09965 
0.099675 
0.0997 
0.099725 
0.09975 
0.099775 
0.0998 
0.099825 
0.09985 
0.099875 
0.0999 
0.099925 
0.09995 
0.099975 
0.1 
