1 
1 
0.904838 
0.818731 
0.740819 
0.670321 
0.606533 
0.548814 
0.496589 
0.449333 
0.406574 
0.367885 
0.332877 
0.301201 
0.272539 
0.246605 
0.223139 
0.201906 
0.182694 
0.16531 
0.14958 
0.135347 
0.122469 
0.110816 
0.100273 
0.0907322 
0.0820997 
0.0742886 
0.067221 
0.0608259 
0.0550396 
0.0498042 
0.0450673 
0.0407814 
0.0369036 
0.0333952 
0.0302211 
0.0273493 
0.0247513 
0.0224009 
0.0202747 
0.0183514 
0.0166116 
0.015038 
0.0136148 
0.0123278 
0.011164 
0.0101117 
0.00916049 
0.00830072 
0.00752376 
0.00682182 
0.00618782 
0.00561538 
0.00509873 
0.00463264 
0.00421239 
0.00383371 
0.00349276 
0.00318604 
0.00291041 
0.00266303 
0.00244133 
0.00224299 
0.00206592 
0.00190824 
0.00176825 
0.0016444 
0.00153534 
0.0014398 
0.00135667 
0.00128495 
0.00122373 
0.00117221 
0.00112965 
0.00109541 
0.00106891 
0.00104962 
0.00103709 
0.00103091 
0.00103071 
0.00103617 
0.001047 
0.00106297 
0.00108387 
0.00110958 
0.00114005 
0.00117554 
0.00121684 
0.0012662 
0.00132959 
0.00142484 
0.00162374 
0.00289995 
0.131069 
0.242763 
0.3401 
0.424925 
0.455506 
0.458235 
0.460617 
0.463157 
0.532164 
0.533488 
0.526039 
0.47641 
0.431603 
0.391531 
0.392331 
0.470442 
0.481192 
0.488833 
0.498143 
0.562653 
0.618871 
0.667862 
0.710555 
0.643465 
0.582282 
0.526894 
0.476777 
0.431431 
0.390405 
0.353287 
0.319705 
0.289323 
0.261837 
0.236971 
0.214476 
0.194127 
0.175719 
0.159069 
0.144009 
0.130388 
0.118069 
0.106929 
0.0968558 
0.0877485 
0.0795166 
0.0720808 
0.0653772 
0.059382 
0.054542 
0.176073 
0.281982 
0.29518 
0.305666 
0.317291 
0.405048 
0.481524 
0.48547 
0.487549 
0.48965 
0.495973 
0.448776 
0.406071 
0.367429 
0.332465 
0.300828 
0.272202 
0.2463 
0.222863 
0.201656 
0.182468 
0.165105 
0.149395 
0.13518 
0.122318 
0.110679 
0.100148 
0.0906198 
0.081998 
0.0741967 
0.0671377 
0.0607506 
0.0549712 
0.0497419 
0.0450102 
0.0407288 
0.0368548 
0.0333495 
0.0301778 
0.0273079 
0.0247111 
0.0223614 
0.0202354 
0.0183116 
0.016571 
0.014996 
0.0135708 
0.0122813 
0.0111145 
0.0100588 
0.00910351 
0.00823914 
0.00745702 
0.00674933 
0.00610899 
0.00552959 
0.00500533 
0.00453096 
0.00410173 
0.00371334 
0.00336192 
0.00304394 
0.00275623 
0.00249589 
0.00226033 
0.00204718 
0.00185432 
0.00167981 
0.00152191 
0.00137903 
0.00124976 
0.00113278 
0.00102694 
0.000931165 
0.000844508 
0.000766098 
0.000695149 
0.000630953 
0.000572865 
0.000520306 
0.000472748 
0.000429716 
0.000390779 
0.000355548 
0.000323669 
0.000294824 
0.000268724 
0.000245108 
0.000223739 
0.000204404 
0.000186909 
0.000171079 
0.000156755 
0.000143794 
0.000132067 
0.000121456 
0.000111854 
0.000103166 
9.53055e-05 
8.81926e-05 
8.17567e-05 
7.59332e-05 
7.06638e-05 
6.5896e-05 
6.15818e-05 
5.76783e-05 
5.41462e-05 
5.09502e-05 
4.8142e-05 
4.58153e-05 
4.39442e-05 
4.25064e-05 
4.14835e-05 
4.08607e-05 
4.06262e-05 
4.07713e-05 
4.12902e-05 
4.21798e-05 
4.34393e-05 
4.50706e-05 
4.70778e-05 
4.94672e-05 
5.22471e-05 
5.54281e-05 
5.90226e-05 
6.30449e-05 
6.75113e-05 
7.24398e-05 
7.78502e-05 
8.37643e-05 
9.02054e-05 
9.71986e-05 
0.000104771 
0.00011295 
0.000121767 
0.000131254 
0.000141443 
0.00015237 
0.000164072 
0.000176587 
0.000189955 
0.000204218 
0.000219419 
0.000235602 
0.000252815 
0.000271104 
0.00029052 
0.000311113 
0.000332936 
0.000356042 
0.000380489 
0.000406331 
0.000433628 
0.000462439 
0.000492825 
0.00052485 
0.000558575 
0.000594067 
0.000631392 
0.000670616 
0.000711809 
0.000755041 
0.000800388 
0.000847941 
0.000897824 
0.000950261 
0.00100572 
0.00106526 
0.00113152 
0.00121134 
0.00132539 
0.00156268 
0.00341476 
0.00309176 
0.00279949 
0.00253503 
0.00229575 
0.00207923 
0.00188332 
0.00170605 
0.00154565 
0.00140052 
0.00126919 
0.00115037 
0.00104285 
0.000945566 
0.000857538 
0.000777888 
0.000705818 
0.000640606 
0.0005816 
0.000528209 
0.000479899 
0.000436186 
0.000396634 
0.000360845 
0.000328462 
0.000299161 
0.000272649 
0.000248659 
0.000226952 
0.000207311 
0.000189539 
0.000173459 
0.000158909 
0.000145743 
0.00013383 
0.000123051 
0.000113298 
0.000104473 
9.64875e-05 
8.92622e-05 
8.27244e-05 
7.68088e-05 
7.14562e-05 
6.66129e-05 
6.22305e-05 
5.82652e-05 
5.46773e-05 
5.14308e-05 
4.84932e-05 
4.58352e-05 
4.34301e-05 
4.1254e-05 
3.92849e-05 
3.75032e-05 
3.5891e-05 
3.44323e-05 
3.31124e-05 
3.19181e-05 
3.08374e-05 
2.98596e-05 
2.89749e-05 
2.81743e-05 
2.745e-05 
2.67945e-05 
2.62015e-05 
2.56648e-05 
2.51793e-05 
2.47399e-05 
2.43424e-05 
2.39827e-05 
2.36572e-05 
2.33627e-05 
2.30962e-05 
2.28551e-05 
2.26369e-05 
2.24395e-05 
2.22609e-05 
2.20993e-05 
2.1953e-05 
2.18207e-05 
2.1701e-05 
2.15926e-05 
2.14946e-05 
2.14059e-05 
2.13256e-05 
2.1253e-05 
2.11873e-05 
2.11279e-05 
2.10741e-05 
2.10254e-05 
2.09813e-05 
2.09415e-05 
2.09054e-05 
2.08728e-05 
2.08433e-05 
2.08165e-05 
2.07924e-05 
2.07705e-05 
2.07507e-05 
2.07328e-05 
2.07166e-05 
2.07019e-05 
2.06887e-05 
2.06767e-05 
2.06658e-05 
2.0656e-05 
2.06471e-05 
2.0639e-05 
2.06318e-05 
2.06252e-05 
2.06192e-05 
2.06138e-05 
2.06089e-05 
2.06045e-05 
2.06005e-05 
2.05969e-05 
2.05936e-05 
2.05907e-05 
2.0588e-05 
2.05856e-05 
2.05834e-05 
2.05814e-05 
2.05796e-05 
2.0578e-05 
2.05765e-05 
2.05752e-05 
2.0574e-05 
2.05729e-05 
2.05719e-05 
2.0571e-05 
2.05702e-05 
2.05695e-05 
2.05688e-05 
2.05682e-05 
2.05677e-05 
2.05672e-05 
2.05667e-05 
2.05663e-05 
2.0566e-05 
2.05657e-05 
2.05654e-05 
2.05651e-05 
2.05648e-05 
2.05646e-05 
2.05644e-05 
2.05856e-05 
2.08134e-05 
2.12474e-05 
2.18887e-05 
2.27399e-05 
2.3805e-05 
2.50895e-05 
2.66001e-05 
2.83451e-05 
3.03338e-05 
3.2577e-05 
3.50868e-05 
3.78764e-05 
4.09606e-05 
4.43551e-05 
4.80772e-05 
5.21454e-05 
5.65795e-05 
6.14006e-05 
6.66312e-05 
7.2295e-05 
7.84171e-05 
8.50241e-05 
9.21439e-05 
9.98056e-05 
0.00010804 
0.000116879 
0.000126357 
0.000136508 
0.000147368 
0.000158977 
0.000171372 
0.000184595 
0.000198688 
0.000213695 
0.000229661 
0.000246634 
0.00026466 
0.000283791 
0.000304077 
0.00032557 
0.000348326 
0.000372399 
0.000397846 
0.000424726 
0.000453098 
0.000483024 
0.000514565 
0.000547785 
0.000582749 
0.000619522 
0.000658173 
0.00069877 
0.000741382 
0.000786083 
0.000832959 
0.000882119 
0.000933747 
0.000988207 
0.00104632 
0.00111008 
0.00118452 
0.00128401 
0.0014619 
0.00218695 
0.130448 
0.242222 
0.266649 
0.285394 
0.305124 
0.394445 
0.410372 
0.422228 
0.437102 
0.509458 
0.572513 
0.57632 
0.57824 
0.580176 
0.59563 
0.647608 
0.64596 
0.584556 
0.52896 
0.478646 
0.433122 
0.391934 
0.35467 
0.320955 
0.290453 
0.262858 
0.237894 
0.21531 
0.19488 
0.1764 
0.159683 
0.144563 
0.130887 
0.118519 
0.107334 
0.0972199 
0.0880753 
0.079809 
0.0723398 
0.0655991 
0.0595415 
0.0542311 
0.0610254 
0.0552199 
0.0499669 
0.0452138 
0.040913 
0.0370215 
0.0335003 
0.0303142 
0.0274313 
0.0248228 
0.0224625 
0.0203268 
0.0183944 
0.0166459 
0.0150637 
0.0136322 
0.0123368 
0.0111647 
0.0101042 
0.00914461 
0.00827633 
0.00749067 
0.00677978 
0.00613654 
0.00555452 
0.00502788 
0.00455137 
0.00412019 
0.00373006 
0.00337704 
0.00305763 
0.00276861 
0.00250709 
0.00227046 
0.00205635 
0.00186262 
0.00168732 
0.0015287 
0.00138518 
0.00125532 
0.00113781 
0.00103149 
0.000935286 
0.000848237 
0.000769472 
0.000698202 
0.000633715 
0.000575365 
0.000522567 
0.000474794 
0.000431567 
0.000392454 
0.000357064 
0.000325041 
0.000296065 
0.000269847 
0.000246124 
0.000224659 
0.000205236 
0.000187662 
0.00017176 
0.000157371 
0.000144352 
0.000132571 
0.000121912 
0.000112267 
0.00010354 
9.56437e-05 
8.84987e-05 
8.20336e-05 
7.61837e-05 
7.08906e-05 
6.61011e-05 
6.17675e-05 
5.78462e-05 
5.42981e-05 
5.10877e-05 
4.81828e-05 
4.55543e-05 
4.3176e-05 
4.1024e-05 
3.90768e-05 
3.73149e-05 
3.57207e-05 
3.42782e-05 
3.29729e-05 
3.17919e-05 
3.07233e-05 
2.97563e-05 
2.88814e-05 
2.80897e-05 
2.73734e-05 
2.67253e-05 
2.62593e-05 
2.60554e-05 
2.61088e-05 
2.64162e-05 
2.69768e-05 
2.77914e-05 
2.88623e-05 
3.01939e-05 
3.17921e-05 
3.36641e-05 
3.58191e-05 
3.82676e-05 
4.10215e-05 
4.40943e-05 
4.75009e-05 
5.12578e-05 
5.53827e-05 
5.98949e-05 
6.4815e-05 
7.01653e-05 
7.59692e-05 
8.22517e-05 
8.90393e-05 
9.63599e-05 
0.000104243 
0.000112719 
0.000121821 
0.000131582 
0.000142037 
0.000153224 
0.000165181 
0.000177947 
0.000191564 
0.000206074 
0.000221522 
0.000237954 
0.000255417 
0.000273959 
0.000293632 
0.000314487 
0.000336576 
0.000359955 
0.000384681 
0.000410809 
0.0004384 
0.000467513 
0.00049821 
0.000530554 
0.000564609 
0.00060044 
0.000638115 
0.000677699 
0.000719263 
0.000762879 
0.000808623 
0.00085659 
0.000906918 
0.000959856 
0.00101594 
0.00107643 
0.00114441 
0.00122812 
0.00135342 
0.00164493 
0.00547385 
0.00495489 
0.00448532 
0.00406043 
0.00367598 
0.00332812 
0.00301335 
0.00272855 
0.00247084 
0.00223766 
0.00202667 
0.00183576 
0.00166302 
0.00150672 
0.00136529 
0.00123732 
0.00112153 
0.00101675 
0.000921952 
0.000836172 
0.000758555 
0.000688324 
0.000624777 
0.000567277 
0.000515249 
0.000468173 
0.000425576 
0.000387033 
0.000352158 
0.000320602 
0.000292049 
0.000266213 
0.000242836 
0.000221683 
0.000202544 
0.000185226 
0.000169556 
0.000155377 
0.000142547 
0.000130939 
0.000120435 
0.000110931 
0.000102331 
9.45493e-05 
8.75084e-05 
8.11375e-05 
7.53729e-05 
7.01569e-05 
6.54373e-05 
6.11668e-05 
5.73027e-05 
5.38064e-05 
5.06427e-05 
4.77802e-05 
4.519e-05 
4.28464e-05 
4.07257e-05 
3.88069e-05 
3.70707e-05 
3.54997e-05 
3.40782e-05 
3.2792e-05 
3.16282e-05 
3.05751e-05 
2.96759e-05 
2.90739e-05 
2.87602e-05 
2.87284e-05 
2.89744e-05 
2.94959e-05 
3.02928e-05 
3.13669e-05 
3.27218e-05 
3.43628e-05 
3.62971e-05 
3.85334e-05 
4.1082e-05 
4.3955e-05 
4.68367e-05 
4.97348e-05 
5.26562e-05 
5.56071e-05 
5.85934e-05 
6.16206e-05 
6.46935e-05 
6.78169e-05 
7.09949e-05 
7.42314e-05 
7.75301e-05 
8.08944e-05 
8.43273e-05 
8.78318e-05 
9.14106e-05 
9.50661e-05 
9.88006e-05 
0.000102616 
0.000106515 
0.000110499 
0.000115249 
0.00012077 
0.000127071 
0.000134165 
0.000142068 
0.000150799 
0.000160379 
0.000170833 
0.00018219 
0.000194479 
0.000207733 
0.000221986 
0.000237277 
0.000253644 
0.00027113 
0.000289779 
0.000309636 
0.000330749 
0.000353169 
0.000376946 
0.000402134 
0.000428788 
0.000456966 
0.000486724 
0.000518124 
0.000551227 
0.000586095 
0.000622793 
0.000661387 
0.000701944 
0.000744531 
0.000789224 
0.000836104 
0.000885285 
0.000936954 
0.000991489 
0.00104975 
0.00111379 
0.0011889 
0.00129024 
0.00147521 
0.00239917 
0.130633 
0.242383 
0.339769 
0.344006 
0.346554 
0.349127 
0.35364 
0.436724 
0.509129 
0.572227 
0.627214 
0.643492 
0.646772 
0.650038 
0.695023 
0.629045 
0.569218 
0.515069 
0.466075 
0.421748 
0.381642 
0.345357 
0.312529 
0.282829 
0.255959 
0.231652 
0.209662 
0.189769 
0.171775 
0.155498 
0.140776 
0.127461 
0.115419 
0.104529 
0.0946816 
0.0857789 
0.0777326 
0.0704659 
0.0639188 
0.0580822 
0.0592042 
0.180136 
0.285523 
0.377364 
0.457399 
0.460345 
0.461761 
0.463179 
0.464932 
0.533711 
0.540094 
0.544032 
0.548129 
0.606214 
0.61459 
0.620098 
0.627236 
0.567547 
0.513539 
0.46467 
0.420452 
0.380442 
0.34424 
0.311482 
0.281842 
0.255023 
0.230756 
0.208798 
0.18893 
0.170952 
0.154686 
0.139967 
0.126649 
0.114599 
0.103695 
0.0938287 
0.0849015 
0.0768238 
0.0695149 
0.0629015 
0.0569175 
0.0515029 
0.0466036 
0.0421706 
0.0381594 
0.0345299 
0.0312459 
0.0282743 
0.0255856 
0.0231527 
0.0209513 
0.0189595 
0.0171572 
0.0155264 
0.0140508 
0.0127156 
0.0115075 
0.0104143 
0.00942521 
0.00853022 
0.0077204 
0.00698765 
0.00632463 
0.00572471 
0.00518188 
0.0046907 
0.00424627 
0.00384414 
0.00348027 
0.00315103 
0.00285312 
0.00258356 
0.00233965 
0.00211896 
0.00191927 
0.00173858 
0.00157508 
0.00142715 
0.00129329 
0.00117217 
0.00106258 
0.000963417 
0.000873691 
0.000792503 
0.000719042 
0.000652572 
0.000592427 
0.000538006 
0.000488763 
0.000444207 
0.000403891 
0.000367412 
0.000334404 
0.000304538 
0.000277513 
0.000253061 
0.000230935 
0.000210915 
0.0001928 
0.00017641 
0.000161578 
0.000148159 
0.000136016 
0.000125029 
0.000115088 
0.000106092 
9.79528e-05 
9.0588e-05 
8.3924e-05 
7.78943e-05 
7.24383e-05 
6.75016e-05 
6.30347e-05 
5.89928e-05 
5.53356e-05 
5.20265e-05 
4.90322e-05 
4.63229e-05 
4.38714e-05 
4.16533e-05 
3.96462e-05 
3.78301e-05 
3.61868e-05 
3.47e-05 
3.33546e-05 
3.21372e-05 
3.10357e-05 
3.00391e-05 
2.91372e-05 
2.83212e-05 
2.75829e-05 
2.69148e-05 
2.63103e-05 
2.57633e-05 
2.52684e-05 
2.48205e-05 
2.44153e-05 
2.40487e-05 
2.37169e-05 
2.34167e-05 
2.31451e-05 
2.28993e-05 
2.2677e-05 
2.24757e-05 
2.22937e-05 
2.21289e-05 
2.19799e-05 
2.1845e-05 
2.17229e-05 
2.16125e-05 
2.15126e-05 
2.14222e-05 
2.13404e-05 
2.12664e-05 
2.11994e-05 
2.11388e-05 
2.10839e-05 
2.10343e-05 
2.09894e-05 
2.09488e-05 
2.0912e-05 
2.08788e-05 
2.08487e-05 
2.08214e-05 
2.07968e-05 
2.07745e-05 
2.07543e-05 
2.07361e-05 
2.07196e-05 
2.07046e-05 
2.06911e-05 
2.06789e-05 
2.06678e-05 
2.06578e-05 
2.06487e-05 
2.06405e-05 
2.06331e-05 
2.06264e-05 
2.06203e-05 
2.06148e-05 
2.06098e-05 
2.06053e-05 
2.06013e-05 
2.05976e-05 
2.05942e-05 
2.05912e-05 
2.05885e-05 
2.0586e-05 
2.05838e-05 
2.05818e-05 
2.05799e-05 
2.05783e-05 
2.05768e-05 
2.05754e-05 
2.05742e-05 
2.05731e-05 
2.05721e-05 
2.05712e-05 
2.05704e-05 
2.05696e-05 
2.05689e-05 
2.05683e-05 
2.05678e-05 
2.05673e-05 
2.05668e-05 
2.05664e-05 
2.0566e-05 
2.07228e-05 
2.10857e-05 
2.16555e-05 
2.24342e-05 
2.34254e-05 
2.4634e-05 
2.60665e-05 
2.77303e-05 
2.96346e-05 
3.17897e-05 
3.42071e-05 
3.68997e-05 
3.98817e-05 
4.31687e-05 
4.67772e-05 
5.07255e-05 
5.50328e-05 
5.97198e-05 
6.48085e-05 
7.03221e-05 
7.62855e-05 
8.27246e-05 
8.96668e-05 
9.7141e-05 
0.000105177 
0.000113807 
0.000123064 
0.000132982 
0.000143597 
0.000154947 
0.00016707 
0.000180007 
0.0001938 
0.000208492 
0.000224127 
0.000240752 
0.000258415 
0.000277165 
0.000297052 
0.00031813 
0.00034045 
0.000364069 
0.000389043 
0.00041543 
0.000443288 
0.000472679 
0.000503664 
0.000536306 
0.00057067 
0.000606822 
0.000644828 
0.000684755 
0.000726674 
0.000770657 
0.000816784 
0.000865152 
0.000915913 
0.000969351 
0.00102608 
0.00108757 
0.00115746 
0.00124563 
0.00138467 
0.00175404 
0.0135194 
0.0122348 
0.0110724 
0.0100207 
0.00906901 
0.00820792 
0.00742878 
0.00672378 
0.00608587 
0.00550867 
0.0049864 
0.00451383 
0.00408623 
0.00369932 
0.00334923 
0.00303246 
0.00274584 
0.00248649 
0.00225182 
0.00203948 
0.00184735 
0.00167351 
0.00151621 
0.00137387 
0.00124509 
0.00112856 
0.00102311 
0.000927707 
0.000841379 
0.000763266 
0.000692587 
0.000628635 
0.000570768 
0.000518408 
0.000471031 
0.000428162 
0.000389373 
0.000354275 
0.000322518 
0.000293782 
0.000267782 
0.000244255 
0.000222968 
0.000203713 
0.000186498 
0.000171147 
0.000157505 
0.00014543 
0.000134797 
0.000125495 
0.000117424 
0.000110498 
0.000104638 
9.97767e-05 
9.58554e-05 
9.28232e-05 
9.06365e-05 
8.92585e-05 
8.86589e-05 
8.88129e-05 
8.97014e-05 
9.13102e-05 
9.36298e-05 
9.6655e-05 
0.000100385 
0.000104822 
0.000109973 
0.000115847 
0.000122459 
0.000129823 
0.000137959 
0.000146889 
0.000156638 
0.000167232 
0.000178702 
0.000191079 
0.000204398 
0.000218695 
0.00023401 
0.000250382 
0.000267855 
0.000286474 
0.000306285 
0.000327338 
0.000349682 
0.000373369 
0.000398455 
0.000424993 
0.000453042 
0.000482661 
0.000513909 
0.000546847 
0.000581541 
0.000618053 
0.000656449 
0.000696797 
0.000739166 
0.000783628 
0.000830266 
0.000879186 
0.000930563 
0.000984743 
0.0010425 
0.00110569 
0.00117902 
0.00127575 
0.00144371 
0.00203101 
0.130312 
0.211843 
0.219444 
0.225443 
0.231471 
0.286554 
0.29042 
0.293183 
0.295976 
0.301441 
0.272756 
0.246802 
0.223317 
0.202067 
0.182839 
0.165442 
0.149699 
0.135455 
0.122567 
0.110905 
0.100352 
0.0908044 
0.082165 
0.0743478 
0.0672745 
0.0608743 
0.0550832 
0.0498432 
0.0451018 
0.0408117 
0.0369298 
0.0334174 
0.0302392 
0.0273635 
0.0247614 
0.0224069 
0.0202766 
0.0183489 
0.0166047 
0.0150265 
0.0135984 
0.0123063 
0.0111371 
0.0100792 
0.00912202 
0.00825588 
0.00747217 
0.00676304 
0.0061214 
0.00554082 
0.00501548 
0.00454015 
0.00411004 
0.00372087 
0.00336873 
0.0030501 
0.0027618 
0.00250093 
0.00226489 
0.00205131 
0.00185805 
0.00168319 
0.00152497 
0.0013818 
0.00125226 
0.00113505 
0.00102899 
0.000933021 
0.000846187 
0.000767617 
0.000696524 
0.000632196 
0.000573991 
0.000521324 
0.000473669 
0.00043055 
0.000391533 
0.00035623 
0.000324287 
0.000295383 
0.00026923 
0.000245565 
0.000224153 
0.000204779 
0.000187248 
0.000171385 
0.000157032 
0.000144045 
0.000132294 
0.000121661 
0.00011204 
0.000103335 
9.54578e-05 
8.83304e-05 
8.18813e-05 
7.6046e-05 
7.07659e-05 
6.59883e-05 
6.16654e-05 
5.77539e-05 
5.42146e-05 
5.10121e-05 
4.81144e-05 
4.54924e-05 
4.312e-05 
4.09733e-05 
3.90309e-05 
3.72734e-05 
3.56831e-05 
3.42442e-05 
3.29422e-05 
3.17641e-05 
3.06981e-05 
2.97335e-05 
2.88608e-05 
2.80711e-05 
2.73565e-05 
2.671e-05 
2.6125e-05 
2.55956e-05 
2.51167e-05 
2.46833e-05 
2.42911e-05 
2.39363e-05 
2.36152e-05 
2.33247e-05 
2.30619e-05 
2.2824e-05 
2.26088e-05 
2.24141e-05 
2.22379e-05 
2.20784e-05 
2.19342e-05 
2.18036e-05 
2.16855e-05 
2.15787e-05 
2.1482e-05 
2.13945e-05 
2.13153e-05 
2.12437e-05 
2.11788e-05 
2.11202e-05 
2.10671e-05 
2.10191e-05 
2.09757e-05 
2.09363e-05 
2.09008e-05 
2.08686e-05 
2.08395e-05 
2.08131e-05 
2.07893e-05 
2.07677e-05 
2.07482e-05 
2.07305e-05 
2.07145e-05 
2.07e-05 
2.0687e-05 
2.06751e-05 
2.06644e-05 
2.06547e-05 
2.06459e-05 
2.0638e-05 
2.06308e-05 
2.06243e-05 
2.06184e-05 
2.06131e-05 
2.06083e-05 
2.0604e-05 
2.06e-05 
2.05964e-05 
2.05932e-05 
2.05903e-05 
2.05877e-05 
2.05853e-05 
2.05831e-05 
2.05811e-05 
2.05794e-05 
2.05778e-05 
2.05763e-05 
2.0575e-05 
2.05738e-05 
2.05727e-05 
2.05718e-05 
2.05709e-05 
2.05701e-05 
2.05694e-05 
2.05687e-05 
2.05681e-05 
2.05676e-05 
2.05671e-05 
2.05667e-05 
2.05663e-05 
2.05659e-05 
2.05656e-05 
2.05653e-05 
2.05651e-05 
2.05648e-05 
2.05646e-05 
2.05644e-05 
2.05642e-05 
2.05641e-05 
2.05639e-05 
2.05638e-05 
2.05637e-05 
2.05636e-05 
2.05635e-05 
2.05634e-05 
2.05633e-05 
2.05632e-05 
2.05632e-05 
2.05631e-05 
2.0563e-05 
2.0563e-05 
2.0563e-05 
2.05629e-05 
2.05629e-05 
2.05628e-05 
2.05628e-05 
2.05628e-05 
2.05628e-05 
2.05627e-05 
2.05627e-05 
2.05627e-05 
2.05627e-05 
2.05627e-05 
2.05627e-05 
2.05626e-05 
2.05626e-05 
2.05626e-05 
2.05626e-05 
2.05626e-05 
2.05626e-05 
2.05626e-05 
2.05626e-05 
2.05626e-05 
2.05626e-05 
2.05626e-05 
2.05626e-05 
2.05626e-05 
2.05626e-05 
2.05626e-05 
2.05626e-05 
2.05626e-05 
2.05626e-05 
2.05626e-05 
2.05626e-05 
2.05625e-05 
2.05625e-05 
2.05625e-05 
2.05625e-05 
2.05625e-05 
2.05625e-05 
2.05625e-05 
2.05625e-05 
2.05625e-05 
2.05625e-05 
2.05625e-05 
2.05625e-05 
2.05625e-05 
2.05625e-05 
2.05625e-05 
2.05625e-05 
2.05625e-05 
2.05625e-05 
2.05625e-05 
2.05625e-05 
2.05625e-05 
2.05625e-05 
2.05625e-05 
2.05625e-05 
2.05625e-05 
2.05625e-05 
2.05625e-05 
2.05625e-05 
2.05625e-05 
2.05625e-05 
2.05625e-05 
2.05625e-05 
2.05625e-05 
2.05625e-05 
2.05625e-05 
2.05625e-05 
2.05625e-05 
2.05625e-05 
2.05625e-05 
2.05625e-05 
2.05625e-05 
2.05625e-05 
2.05625e-05 
2.05625e-05 
2.05625e-05 
2.05625e-05 
2.05625e-05 
2.05625e-05 
2.05625e-05 
2.05625e-05 
2.05625e-05 
2.05625e-05 
2.05625e-05 
2.05625e-05 
2.05625e-05 
2.05625e-05 
2.05625e-05 
2.05625e-05 
2.05625e-05 
2.05625e-05 
2.05625e-05 
2.05625e-05 
2.05625e-05 
2.05625e-05 
2.05625e-05 
2.05625e-05 
2.05625e-05 
2.05625e-05 
2.05625e-05 
2.05625e-05 
2.05625e-05 
2.05625e-05 
2.05625e-05 
2.05625e-05 
2.05625e-05 
2.05625e-05 
2.05625e-05 
2.05625e-05 
2.05625e-05 
2.05625e-05 
2.05625e-05 
2.05625e-05 
2.05625e-05 
2.05625e-05 
2.05625e-05 
2.05625e-05 
2.05625e-05 
2.05625e-05 
2.05625e-05 
2.05625e-05 
2.05625e-05 
2.05625e-05 
2.05625e-05 
2.05625e-05 
2.05625e-05 
2.05625e-05 
2.05625e-05 
2.05625e-05 
2.05625e-05 
2.05625e-05 
2.05625e-05 
2.05625e-05 
2.05625e-05 
2.05625e-05 
2.05625e-05 
2.05625e-05 
2.05625e-05 
2.05625e-05 
2.05625e-05 
2.05625e-05 
2.05625e-05 
2.05625e-05 
2.05625e-05 
2.05625e-05 
2.05625e-05 
2.05625e-05 
2.05625e-05 
2.05625e-05 
2.05625e-05 
2.05625e-05 
2.05625e-05 
2.05625e-05 
2.05625e-05 
2.05625e-05 
2.05625e-05 
2.05625e-05 
2.05625e-05 
2.05625e-05 
2.05625e-05 
2.05625e-05 
2.05625e-05 
2.05625e-05 
2.05625e-05 
2.05625e-05 
2.05625e-05 
2.05625e-05 
2.05625e-05 
2.05625e-05 
2.05625e-05 
2.05625e-05 
2.05625e-05 
2.05625e-05 
2.05625e-05 
2.05625e-05 
2.05625e-05 
2.05625e-05 
2.05625e-05 
2.05625e-05 
2.05625e-05 
2.05625e-05 
2.05625e-05 
2.05625e-05 
2.05625e-05 
2.05625e-05 
2.05625e-05 
2.05625e-05 
2.05625e-05 
2.05625e-05 
2.05625e-05 
2.05625e-05 
2.05625e-05 
2.05625e-05 
2.05625e-05 
2.05625e-05 
2.05625e-05 
2.05625e-05 
2.05777e-05 
2.07994e-05 
2.12273e-05 
2.18623e-05 
2.27072e-05 
2.37658e-05 
2.50436e-05 
2.65472e-05 
2.82849e-05 
3.0266e-05 
3.25012e-05 
3.50026e-05 
3.77834e-05 
4.08582e-05 
4.42428e-05 
4.79545e-05 
5.20117e-05 
5.64341e-05 
6.12428e-05 
6.64602e-05 
7.21101e-05 
7.82176e-05 
8.4809e-05 
9.19123e-05 
9.95566e-05 
0.000107773 
0.000116592 
0.00012605 
0.000136179 
0.000147017 
0.000158601 
0.000170971 
0.000184167 
0.000198232 
0.00021321 
0.000229146 
0.000246086 
0.000264079 
0.000283174 
0.000303423 
0.000324878 
0.000347593 
0.000371624 
0.000397027 
0.000423861 
0.000452186 
0.000482062 
0.000513551 
0.000546717 
0.000581626 
0.000618342 
0.000656933 
0.000697467 
0.000740015 
0.00078465 
0.000831456 
0.000880542 
0.000932088 
0.000986451 
0.00104443 
0.00110796 
0.00118192 
0.00128019 
0.0014536 
0.0020978 
0.13037 
0.242154 
0.252453 
0.260568 
0.268903 
0.362879 
0.37548 
0.385041 
0.396191 
0.473806 
0.541444 
0.600388 
0.543487 
0.491825 
0.445049 
0.402724 
0.364429 
0.329782 
0.298437 
0.270078 
0.244422 
0.221212 
0.200215 
0.181222 
0.16404 
0.148499 
0.134442 
0.121729 
0.110231 
0.0998334 
0.0904317 
0.0819313 
0.0742471 
0.0673029 
0.061032 
0.0553813 
0.0503324 
0.0461415 
0.168753 
0.210979 
0.225331 
0.239355 
0.284937 
0.290564 
0.295506 
0.300747 
0.390631 
0.398361 
0.403635 
0.409036 
0.485 
0.489559 
0.492088 
0.494636 
0.514314 
0.568698 
0.514858 
0.465936 
0.421631 
0.381535 
0.345258 
0.312435 
0.28274 
0.255875 
0.231571 
0.209583 
0.189693 
0.1717 
0.155424 
0.140702 
0.127386 
0.115343 
0.104452 
0.0946026 
0.0856971 
0.0776456 
0.0703672 
0.0637893 
0.0578476 
0.0524879 
0.047675 
0.0434515 
0.0459785 
0.041605 
0.0376476 
0.0340668 
0.0308268 
0.0278952 
0.0252425 
0.0228423 
0.0206705 
0.0187053 
0.0169272 
0.0153183 
0.0138625 
0.0125452 
0.0113533 
0.0102749 
0.00929901 
0.00841603 
0.00761708 
0.00689416 
0.00624004 
0.00564817 
0.00511262 
0.00462804 
0.00418957 
0.00379283 
0.00343384 
0.00310902 
0.00281511 
0.00254917 
0.00230853 
0.0020908 
0.00189379 
0.00171552 
0.00155422 
0.00140827 
0.00127621 
0.00115672 
0.0010486 
0.000950765 
0.000862243 
0.000782145 
0.000709669 
0.000644091 
0.000584753 
0.000531062 
0.000482481 
0.000438522 
0.000398748 
0.000362758 
0.000330193 
0.000300727 
0.000274065 
0.000249941 
0.000228112 
0.000208361 
0.000190489 
0.000174318 
0.000159686 
0.000146447 
0.000134467 
0.000123627 
0.000113819 
0.000104944 
9.69143e-05 
8.96483e-05 
8.30738e-05 
7.71249e-05 
7.17422e-05 
6.68717e-05 
6.24647e-05 
5.84771e-05 
5.4869e-05 
5.16043e-05 
4.86502e-05 
4.59772e-05 
4.35587e-05 
4.13703e-05 
3.93901e-05 
3.75984e-05 
3.59772e-05 
3.45102e-05 
3.31829e-05 
3.19819e-05 
3.08952e-05 
2.99119e-05 
2.90222e-05 
2.82171e-05 
2.74887e-05 
2.68295e-05 
2.62331e-05 
2.56935e-05 
2.52052e-05 
2.47634e-05 
2.43636e-05 
2.40019e-05 
2.36746e-05 
2.33784e-05 
2.31105e-05 
2.2868e-05 
2.26486e-05 
2.24501e-05 
2.22704e-05 
2.21079e-05 
2.19608e-05 
2.18278e-05 
2.17074e-05 
2.15984e-05 
2.14998e-05 
2.14106e-05 
2.13299e-05 
2.12569e-05 
2.11908e-05 
2.1131e-05 
2.10769e-05 
2.1028e-05 
2.09837e-05 
2.09436e-05 
2.09073e-05 
2.08745e-05 
2.08448e-05 
2.0818e-05 
2.07937e-05 
2.07717e-05 
2.07518e-05 
2.07338e-05 
2.07175e-05 
2.07027e-05 
2.06894e-05 
2.06773e-05 
2.06664e-05 
2.06565e-05 
2.06476e-05 
2.06395e-05 
2.06321e-05 
2.06255e-05 
2.06195e-05 
2.06141e-05 
2.06092e-05 
2.06048e-05 
2.06007e-05 
2.05971e-05 
2.05938e-05 
2.05908e-05 
2.05881e-05 
2.05857e-05 
2.05835e-05 
2.05815e-05 
2.05797e-05 
2.05781e-05 
2.05766e-05 
2.05753e-05 
2.0574e-05 
2.05729e-05 
2.0572e-05 
2.05711e-05 
2.05702e-05 
2.05695e-05 
2.05688e-05 
2.05682e-05 
2.05677e-05 
2.05672e-05 
2.05668e-05 
2.05664e-05 
2.0566e-05 
2.05657e-05 
2.05654e-05 
2.05651e-05 
2.05649e-05 
2.05646e-05 
2.05644e-05 
2.05643e-05 
2.05641e-05 
2.05639e-05 
2.05638e-05 
2.05637e-05 
2.05636e-05 
2.05635e-05 
2.05634e-05 
2.05633e-05 
2.05632e-05 
2.05632e-05 
2.05631e-05 
2.06827e-05 
2.10086e-05 
2.15411e-05 
2.22822e-05 
2.3235e-05 
2.44042e-05 
2.57961e-05 
2.74179e-05 
2.92785e-05 
3.13879e-05 
3.37575e-05 
3.64e-05 
3.93293e-05 
4.25606e-05 
4.61105e-05 
4.99967e-05 
5.42385e-05 
5.88562e-05 
6.38715e-05 
6.93077e-05 
7.5189e-05 
8.15413e-05 
8.83917e-05 
9.57689e-05 
0.000103703 
0.000112224 
0.000121367 
0.000131165 
0.000141653 
0.000152869 
0.000164851 
0.00017764 
0.000191277 
0.000205805 
0.000221269 
0.000237714 
0.000255189 
0.000273741 
0.000293422 
0.000314284 
0.000336379 
0.000359762 
0.00038449 
0.000410621 
0.000438213 
0.000467326 
0.000498022 
0.000530364 
0.000564417 
0.000600245 
0.000637915 
0.000677495 
0.000719054 
0.000762663 
0.000808401 
0.000856361 
0.000906681 
0.00095961 
0.00101568 
0.00107615 
0.00114409 
0.0012277 
0.0013527 
0.00164269 
0.00539222 
0.00488103 
0.00441848 
0.00399996 
0.00362126 
0.0032786 
0.00296855 
0.00268801 
0.00243416 
0.00220447 
0.00199664 
0.00180859 
0.00163843 
0.00148447 
0.00134516 
0.0012191 
0.00110505 
0.00100184 
0.000908458 
0.000823962 
0.000747507 
0.000678328 
0.000615732 
0.000559093 
0.000507844 
0.000461472 
0.000419513 
0.000381547 
0.000347194 
0.000316111 
0.000287985 
0.000262536 
0.000239509 
0.000218673 
0.00019982 
0.000182761 
0.000167325 
0.000153359 
0.000140721 
0.000129286 
0.00011894 
0.000109578 
0.000101107 
9.34417e-05 
8.65062e-05 
8.02307e-05 
7.45524e-05 
6.94145e-05 
6.47655e-05 
6.0559e-05 
5.67527e-05 
5.33087e-05 
5.01924e-05 
4.73727e-05 
4.48214e-05 
4.25128e-05 
4.04239e-05 
3.85338e-05 
3.68236e-05 
3.52761e-05 
3.38759e-05 
3.26089e-05 
3.14625e-05 
3.04253e-05 
2.94867e-05 
2.87102e-05 
2.82211e-05 
2.80114e-05 
2.80759e-05 
2.84111e-05 
2.90158e-05 
2.98905e-05 
3.10378e-05 
3.24618e-05 
3.41686e-05 
3.61657e-05 
3.84624e-05 
4.10695e-05 
4.39995e-05 
4.72661e-05 
5.08849e-05 
5.48728e-05 
5.92481e-05 
6.40309e-05 
6.92424e-05 
7.49055e-05 
8.10445e-05 
8.76853e-05 
9.48551e-05 
0.000102583 
0.000110899 
0.000119834 
0.000129423 
0.000139699 
0.0001507 
0.000162463 
0.000175027 
0.000188433 
0.000202724 
0.000217942 
0.000234135 
0.000251348 
0.000269631 
0.000289032 
0.000309603 
0.000331398 
0.00035447 
0.000378875 
0.000404671 
0.000431915 
0.000460668 
0.00049099 
0.000522946 
0.000556597 
0.00059201 
0.00062925 
0.000668385 
0.000709484 
0.000752617 
0.000797861 
0.000845303 
0.000895067 
0.000947368 
0.00100265 
0.00106194 
0.00112774 
0.00120653 
0.00131771 
0.00154237 
0.00311352 
0.00281918 
0.00255285 
0.00231187 
0.00209382 
0.00189652 
0.00171799 
0.00155646 
0.00141029 
0.00127804 
0.00115837 
0.00105009 
0.00095212 
0.000863469 
0.000783254 
0.000710673 
0.000644999 
0.000585575 
0.000531806 
0.000483153 
0.000439131 
0.000399298 
0.000363256 
0.000330644 
0.000301135 
0.000274435 
0.000250275 
0.000228415 
0.000208634 
0.000190737 
0.000174542 
0.000159889 
0.00014663 
0.000134633 
0.000123777 
0.000113955 
0.000105067 
9.70255e-05 
8.97489e-05 
8.31648e-05 
7.72073e-05 
7.18168e-05 
6.69392e-05 
6.25258e-05 
5.85324e-05 
5.4919e-05 
5.16495e-05 
4.86911e-05 
4.60143e-05 
4.35922e-05 
4.14006e-05 
3.94175e-05 
3.76232e-05 
3.59996e-05 
3.45306e-05 
3.32013e-05 
3.19985e-05 
3.09102e-05 
2.99255e-05 
2.90345e-05 
2.82283e-05 
2.74988e-05 
2.68387e-05 
2.62414e-05 
2.5701e-05 
2.5212e-05 
2.47695e-05 
2.43692e-05 
2.40069e-05 
2.36791e-05 
2.33825e-05 
2.31142e-05 
2.28713e-05 
2.26516e-05 
2.24528e-05 
2.22729e-05 
2.21102e-05 
2.19629e-05 
2.18296e-05 
2.1709e-05 
2.15999e-05 
2.15012e-05 
2.14119e-05 
2.13311e-05 
2.12579e-05 
2.11917e-05 
2.11319e-05 
2.10777e-05 
2.10287e-05 
2.09843e-05 
2.09442e-05 
2.09078e-05 
2.0875e-05 
2.08453e-05 
2.08183e-05 
2.0794e-05 
2.0772e-05 
2.0752e-05 
2.0734e-05 
2.07177e-05 
2.07029e-05 
2.06896e-05 
2.06775e-05 
2.06665e-05 
2.06566e-05 
2.06477e-05 
2.06396e-05 
2.06322e-05 
2.06256e-05 
2.06196e-05 
2.06142e-05 
2.06093e-05 
2.06048e-05 
2.06008e-05 
2.05972e-05 
2.05939e-05 
2.05909e-05 
2.05882e-05 
2.05857e-05 
2.05835e-05 
2.05815e-05 
2.05797e-05 
2.05781e-05 
2.05766e-05 
2.05753e-05 
2.05741e-05 
2.0573e-05 
2.0572e-05 
2.05711e-05 
2.05703e-05 
2.05695e-05 
2.05689e-05 
2.05683e-05 
2.05677e-05 
2.05672e-05 
2.05668e-05 
2.05664e-05 
2.0566e-05 
2.05657e-05 
2.05654e-05 
2.05651e-05 
2.05649e-05 
2.05646e-05 
2.05644e-05 
2.05643e-05 
2.05641e-05 
2.05639e-05 
2.05638e-05 
2.05637e-05 
2.05636e-05 
2.05635e-05 
2.05634e-05 
2.05633e-05 
2.05632e-05 
2.05632e-05 
2.05631e-05 
2.05631e-05 
2.0563e-05 
2.0563e-05 
2.05629e-05 
2.05629e-05 
2.05628e-05 
2.05628e-05 
2.05628e-05 
2.05628e-05 
2.05627e-05 
2.05627e-05 
2.05627e-05 
2.05627e-05 
2.05627e-05 
2.05627e-05 
2.05627e-05 
2.05626e-05 
2.05626e-05 
2.05626e-05 
2.05626e-05 
2.05626e-05 
2.05626e-05 
2.05626e-05 
2.05626e-05 
2.05626e-05 
2.05626e-05 
2.05626e-05 
2.05626e-05 
2.05626e-05 
2.05626e-05 
2.05626e-05 
2.05626e-05 
2.05626e-05 
2.05626e-05 
2.05626e-05 
2.05625e-05 
2.05625e-05 
2.05625e-05 
2.05625e-05 
2.05625e-05 
2.05625e-05 
2.05625e-05 
2.05625e-05 
2.05625e-05 
2.05625e-05 
2.05625e-05 
2.05625e-05 
2.05625e-05 
2.05625e-05 
2.05625e-05 
2.05625e-05 
2.05625e-05 
2.05625e-05 
2.05625e-05 
2.05625e-05 
2.05625e-05 
2.05625e-05 
2.05625e-05 
2.05625e-05 
2.05625e-05 
2.05625e-05 
2.05625e-05 
2.05625e-05 
2.05625e-05 
2.05625e-05 
2.05625e-05 
2.05625e-05 
2.05625e-05 
2.05625e-05 
2.05625e-05 
2.05625e-05 
2.05625e-05 
2.05625e-05 
2.05625e-05 
2.05625e-05 
2.05625e-05 
2.05625e-05 
2.05625e-05 
2.05625e-05 
2.05625e-05 
2.05625e-05 
2.07363e-05 
2.11161e-05 
2.17029e-05 
2.24988e-05 
2.35074e-05 
2.47339e-05 
2.61846e-05 
2.78674e-05 
2.97914e-05 
3.1967e-05 
3.44058e-05 
3.71209e-05 
4.01266e-05 
4.34384e-05 
4.70732e-05 
5.10491e-05 
5.53856e-05 
6.01035e-05 
6.52249e-05 
7.07731e-05 
7.6773e-05 
8.32508e-05 
9.02338e-05 
9.77511e-05 
0.000105833 
0.000114511 
0.000123819 
0.00013379 
0.000144462 
0.000155871 
0.000168057 
0.00018106 
0.000194921 
0.000209686 
0.000225397 
0.000242102 
0.000259849 
0.000278686 
0.000298665 
0.000319838 
0.000342259 
0.000365982 
0.000391065 
0.000417565 
0.000445542 
0.000475056 
0.000506169 
0.000538944 
0.000573446 
0.000609741 
0.000647895 
0.000687977 
0.000730056 
0.000774204 
0.000820503 
0.000869053 
0.000920011 
0.000973679 
0.00103072 
0.00109269 
0.00116353 
0.00125398 
0.00140036 
0.00181744 
0.0266968 
0.0241582 
0.0218612 
0.0197827 
0.0179021 
0.0162004 
0.0146606 
0.0132674 
0.0120068 
0.0108661 
0.00983402 
0.00890012 
0.00805511 
0.0072905 
0.00659866 
0.00597266 
0.00540623 
0.00489371 
0.00442996 
0.00401034 
0.00363066 
0.0032871 
0.00297625 
0.00269497 
0.00244046 
0.00221017 
0.0020018 
0.00181326 
0.00164266 
0.00148829 
0.00134861 
0.00122223 
0.00110788 
0.0010044 
0.000910775 
0.000826059 
0.000749404 
0.000680044 
0.000617285 
0.000560498 
0.000509116 
0.000462623 
0.000420554 
0.000382489 
0.000348108 
0.00031721 
0.000289485 
0.000264651 
0.000242456 
0.000222673 
0.000205098 
0.00018955 
0.000175866 
0.000163901 
0.000153524 
0.000144623 
0.000137095 
0.000130853 
0.000125817 
0.00012192 
0.000119105 
0.000117322 
0.000116528 
0.000116691 
0.000117782 
0.00011978 
0.000122669 
0.00012644 
0.000131088 
0.000136612 
0.000143016 
0.000150309 
0.000158503 
0.000167613 
0.000177658 
0.000188662 
0.00020065 
0.000213649 
0.000227693 
0.000242814 
0.000259049 
0.000276438 
0.000295022 
0.000314845 
0.000335953 
0.000358393 
0.000382216 
0.000407474 
0.000434221 
0.000462512 
0.000492406 
0.00052396 
0.000557235 
0.000592295 
0.000629202 
0.000668021 
0.00070882 
0.000751666 
0.000796634 
0.000843809 
0.000893311 
0.000945345 
0.00100034 
0.00105926 
0.00112449 
0.00120215 
0.00131035 
0.00152262 
0.00286219 
0.131036 
0.242735 
0.340075 
0.424903 
0.498828 
0.506576 
0.511673 
0.51717 
0.579234 
0.63332 
0.633536 
0.573325 
0.518803 
0.469457 
0.424809 
0.384413 
0.347864 
0.314798 
0.284882 
0.257818 
0.233334 
0.211184 
0.191147 
0.173022 
0.156627 
0.141798 
0.128386 
0.116256 
0.105286 
0.0953673 
0.0863991 
0.0782919 
0.0709656 
0.0643509 
0.0583955 
0.0531024 
0.0543806 
0.175933 
0.28186 
0.374171 
0.454617 
0.466973 
0.475925 
0.487309 
0.553211 
0.610642 
0.660691 
0.704307 
0.637384 
0.576752 
0.521886 
0.472244 
0.42733 
0.386694 
0.349928 
0.316666 
0.286573 
0.259349 
0.234719 
0.212439 
0.192283 
0.174051 
0.15756 
0.142643 
0.129152 
0.116951 
0.105917 
0.0959404 
0.0869209 
0.0787702 
0.0714128 
0.064797 
0.058985 
0.0673063 
0.0609031 
0.0551092 
0.0498667 
0.0451232 
0.040831 
0.0369473 
0.0334332 
0.0302535 
0.0273764 
0.0247731 
0.0224175 
0.0202861 
0.0183576 
0.0166125 
0.0150336 
0.0136049 
0.0123121 
0.0111424 
0.010084 
0.00912632 
0.00825978 
0.0074757 
0.00676623 
0.00612428 
0.00554343 
0.00501785 
0.00454228 
0.00411198 
0.00372262 
0.00337031 
0.00305154 
0.0027631 
0.0025021 
0.00226595 
0.00205227 
0.00185892 
0.00168398 
0.00152568 
0.00138244 
0.00125284 
0.00113557 
0.00102946 
0.000933452 
0.000846577 
0.00076797 
0.000696844 
0.000632486 
0.000574252 
0.000521561 
0.000473884 
0.000430744 
0.000391709 
0.000356389 
0.00032443 
0.000295513 
0.000269347 
0.000245672 
0.000224249 
0.000204866 
0.000187327 
0.000171457 
0.000157097 
0.000144104 
0.000132347 
0.000121709 
0.000112083 
0.000103374 
9.54932e-05 
8.83625e-05 
8.19103e-05 
7.60722e-05 
7.07897e-05 
6.60098e-05 
6.16849e-05 
5.77715e-05 
5.42305e-05 
5.10265e-05 
4.81274e-05 
4.55042e-05 
4.31307e-05 
4.0983e-05 
3.90397e-05 
3.72813e-05 
3.56903e-05 
3.42507e-05 
3.31016e-05 
3.22828e-05 
3.17829e-05 
3.15933e-05 
3.1708e-05 
3.21232e-05 
3.28371e-05 
3.38504e-05 
3.51655e-05 
3.67869e-05 
3.87208e-05 
4.09753e-05 
4.35603e-05 
4.64872e-05 
4.97692e-05 
5.34212e-05 
5.74595e-05 
6.19022e-05 
6.67689e-05 
7.20806e-05 
7.78602e-05 
8.41319e-05 
9.09214e-05 
9.8256e-05 
0.000106165 
0.000114678 
0.000123827 
0.000133647 
0.000144171 
0.000155437 
0.000167483 
0.000180348 
0.000194073 
0.000208701 
0.000224277 
0.000240847 
0.000258457 
0.000277156 
0.000296996 
0.000318027 
0.000340303 
0.000363879 
0.000388811 
0.000415156 
0.000442974 
0.000472325 
0.00050327 
0.000535873 
0.000570198 
0.00060631 
0.000644277 
0.000684164 
0.000726043 
0.000769986 
0.00081607 
0.000864396 
0.000915112 
0.000968498 
0.00102516 
0.00108655 
0.00115625 
0.00124397 
0.00138158 
0.00174222 
0.0120576 
0.0109121 
0.00987558 
0.00893773 
0.00808913 
0.00732129 
0.00662652 
0.00599787 
0.00542904 
0.00491435 
0.00444863 
0.00402724 
0.00364595 
0.00330094 
0.00298876 
0.0027063 
0.00245071 
0.00221945 
0.00201019 
0.00182085 
0.00164953 
0.00149451 
0.00135424 
0.00122732 
0.00111248 
0.00100857 
0.000914545 
0.00082947 
0.000752491 
0.000682837 
0.000619812 
0.000562785 
0.000511185 
0.000464495 
0.000422248 
0.000384022 
0.000349434 
0.000318137 
0.000289818 
0.000264195 
0.00024101 
0.000220031 
0.000201049 
0.000183873 
0.000168383 
0.000154579 
0.000142319 
0.000131478 
0.000121943 
0.000113614 
0.000106402 
0.000100229 
9.50267e-05 
9.0734e-05 
8.72989e-05 
8.46763e-05 
8.28281e-05 
8.17222e-05 
8.13322e-05 
8.16373e-05 
8.26213e-05 
8.4273e-05 
8.65851e-05 
8.95547e-05 
9.31824e-05 
9.74725e-05 
0.000102433 
0.000108074 
0.00011441 
0.000121457 
0.000129236 
0.000137768 
0.000147078 
0.000157194 
0.000168144 
0.000179961 
0.000192679 
0.000206333 
0.000220963 
0.000236608 
0.000253311 
0.000271117 
0.00029007 
0.000310219 
0.000331615 
0.000354307 
0.00037835 
0.000403798 
0.000430708 
0.000459137 
0.000489145 
0.000520793 
0.000554143 
0.000589259 
0.000626207 
0.000665051 
0.00070586 
0.000748704 
0.000793656 
0.000840804 
0.000890263 
0.000942235 
0.000997129 
0.00105588 
0.00112076 
0.00119763 
0.00130358 
0.00150655 
0.00269489 
0.130891 
0.242608 
0.339965 
0.424807 
0.431659 
0.436115 
0.440643 
0.512544 
0.514389 
0.515095 
0.515743 
0.516407 
0.517716 
0.579709 
0.633734 
0.680815 
0.721844 
0.65326 
0.591117 
0.534883 
0.484003 
0.437969 
0.396319 
0.358637 
0.324544 
0.2937 
0.265796 
0.240552 
0.217714 
0.197055 
0.178367 
0.161463 
0.146173 
0.132344 
0.119837 
0.108527 
0.0982991 
0.0890523 
0.080695 
0.0731479 
0.0663505 
0.0603073 
0.0621135 
0.0562044 
0.0508577 
0.0460198 
0.0416423 
0.0376814 
0.0340975 
0.0308545 
0.0279202 
0.0252652 
0.0228628 
0.020689 
0.0187221 
0.0169424 
0.015332 
0.0138749 
0.0125565 
0.0113635 
0.0102841 
0.00930735 
0.00842358 
0.00762391 
0.00690034 
0.00624563 
0.00565323 
0.0051172 
0.00463218 
0.00419332 
0.00379622 
0.00343691 
0.0031118 
0.00281762 
0.00255144 
0.00231059 
0.00209266 
0.00189547 
0.00171705 
0.0015556 
0.00140952 
0.00127734 
0.00115774 
0.00104952 
0.000951601 
0.000862999 
0.000782829 
0.000710289 
0.000644651 
0.00058526 
0.000531521 
0.000482896 
0.000438898 
0.000399088 
0.000363065 
0.000330471 
0.000300979 
0.000274293 
0.000250147 
0.000228299 
0.00020853 
0.000190642 
0.000174456 
0.000159811 
0.00014656 
0.000134569 
0.00012372 
0.000113903 
0.00010502 
9.69829e-05 
8.97104e-05 
8.313e-05 
7.71758e-05 
7.17882e-05 
6.69134e-05 
6.25024e-05 
5.85112e-05 
5.48999e-05 
5.16322e-05 
4.86754e-05 
4.60001e-05 
4.35793e-05 
4.1389e-05 
3.9407e-05 
3.76137e-05 
3.5991e-05 
3.45228e-05 
3.31943e-05 
3.19922e-05 
3.09045e-05 
2.99203e-05 
2.90298e-05 
2.8224e-05 
2.74949e-05 
2.68352e-05 
2.62382e-05 
2.56981e-05 
2.52094e-05 
2.47672e-05 
2.4367e-05 
2.4005e-05 
2.36774e-05 
2.3381e-05 
2.31128e-05 
2.28701e-05 
2.26505e-05 
2.24518e-05 
2.2272e-05 
2.21093e-05 
2.19621e-05 
2.18289e-05 
2.17084e-05 
2.15994e-05 
2.15007e-05 
2.14114e-05 
2.13306e-05 
2.12575e-05 
2.11914e-05 
2.11315e-05 
2.10774e-05 
2.10284e-05 
2.09841e-05 
2.0944e-05 
2.09077e-05 
2.08748e-05 
2.08451e-05 
2.08182e-05 
2.07939e-05 
2.07719e-05 
2.07519e-05 
2.07339e-05 
2.07176e-05 
2.07028e-05 
2.06895e-05 
2.06774e-05 
2.06665e-05 
2.06566e-05 
2.06476e-05 
2.06395e-05 
2.06322e-05 
2.06256e-05 
2.06196e-05 
2.06142e-05 
2.06092e-05 
2.06048e-05 
2.06008e-05 
2.05971e-05 
2.05938e-05 
2.05909e-05 
2.05882e-05 
2.05857e-05 
2.05835e-05 
2.05815e-05 
2.05797e-05 
2.05781e-05 
2.05766e-05 
2.05753e-05 
2.05741e-05 
2.0573e-05 
2.0572e-05 
2.05711e-05 
2.05703e-05 
2.05695e-05 
2.05689e-05 
2.05683e-05 
2.05677e-05 
2.05672e-05 
2.05668e-05 
2.05664e-05 
2.0566e-05 
2.05657e-05 
2.05654e-05 
2.05651e-05 
2.05649e-05 
2.05646e-05 
2.05644e-05 
2.05643e-05 
2.05641e-05 
2.05639e-05 
2.05638e-05 
2.05637e-05 
2.05636e-05 
2.05635e-05 
2.05634e-05 
2.05633e-05 
2.05632e-05 
2.05632e-05 
2.05631e-05 
2.05631e-05 
2.0563e-05 
2.0563e-05 
2.05629e-05 
2.05629e-05 
2.05628e-05 
2.05628e-05 
2.05628e-05 
2.05628e-05 
2.05627e-05 
2.05627e-05 
2.05627e-05 
2.05627e-05 
2.05627e-05 
2.05627e-05 
2.05627e-05 
2.05626e-05 
2.05626e-05 
2.05626e-05 
2.05626e-05 
2.05626e-05 
2.05626e-05 
2.05626e-05 
2.05626e-05 
2.05626e-05 
2.05626e-05 
2.05626e-05 
2.05626e-05 
2.05626e-05 
2.05626e-05 
2.05626e-05 
2.05626e-05 
2.05626e-05 
2.05626e-05 
2.05626e-05 
2.05625e-05 
2.05625e-05 
2.05625e-05 
2.07148e-05 
2.10733e-05 
2.16385e-05 
2.24127e-05 
2.33992e-05 
2.4603e-05 
2.60304e-05 
2.7689e-05 
2.95878e-05 
3.17372e-05 
3.41486e-05 
3.68349e-05 
3.98103e-05 
4.30902e-05 
4.66914e-05 
5.06318e-05 
5.49308e-05 
5.9609e-05 
6.46883e-05 
7.01922e-05 
7.61451e-05 
8.25732e-05 
8.95037e-05 
9.69655e-05 
0.000104989 
0.000113605 
0.000122847 
0.00013275 
0.000143349 
0.000154682 
0.000166787 
0.000179705 
0.000193478 
0.000208149 
0.000223762 
0.000240365 
0.000258003 
0.000276728 
0.000296589 
0.000317639 
0.000339931 
0.00036352 
0.000388463 
0.000414817 
0.000442641 
0.000471997 
0.000502945 
0.000535549 
0.000569874 
0.000605984 
0.000643947 
0.00068383 
0.000725704 
0.000769639 
0.000815716 
0.000864032 
0.000914737 
0.000968108 
0.00102476 
0.00108611 
0.00115574 
0.00124328 
0.00138035 
0.00173768 
0.011554 
0.0104564 
0.00946329 
0.00856468 
0.00775158 
0.00701586 
0.00635016 
0.00574781 
0.00520278 
0.00470961 
0.00426338 
0.00385962 
0.00349428 
0.0031637 
0.00286459 
0.00259394 
0.00234904 
0.00212745 
0.00192695 
0.00174553 
0.00158138 
0.00143284 
0.00129844 
0.00117684 
0.0010668 
0.000967235 
0.000877145 
0.000795629 
0.00072187 
0.000655131 
0.000594742 
0.000540101 
0.000490659 
0.000445923 
0.000405444 
0.000368817 
0.000335675 
0.000305688 
0.000278554 
0.000254002 
0.000231787 
0.000211686 
0.000193498 
0.000177041 
0.000162149 
0.000148859 
0.000137057 
0.000126622 
0.000117446 
0.000109433 
0.000102497 
9.65638e-05 
9.15667e-05 
8.74479e-05 
8.41573e-05 
8.16519e-05 
7.98951e-05 
7.88564e-05 
7.85107e-05 
7.88383e-05 
7.9824e-05 
8.14574e-05 
8.3732e-05 
8.66454e-05 
9.01987e-05 
9.43966e-05 
9.92471e-05 
0.000104761 
0.000110953 
0.00011784 
0.00012544 
0.000133777 
0.000142874 
0.00015276 
0.000163463 
0.000175014 
0.000187449 
0.000200802 
0.000215112 
0.000230419 
0.000246764 
0.000264192 
0.000282748 
0.000302479 
0.000323436 
0.000345669 
0.000369231 
0.000394176 
0.00042056 
0.000448441 
0.000477877 
0.00050893 
0.000541661 
0.000576134 
0.000612413 
0.000650564 
0.000690654 
0.000732752 
0.000776931 
0.00082327 
0.000871872 
0.000922898 
0.000976657 
0.00103384 
0.00109607 
0.00116746 
0.00125931 
0.00141042 
0.00186075 
0.0451629 
0.1679 
0.27486 
0.31575 
0.320945 
0.325622 
0.330792 
0.416814 
0.446611 
0.450226 
0.453637 
0.45821 
0.527853 
0.588544 
0.641433 
0.641876 
0.580885 
0.525653 
0.47566 
0.430422 
0.389491 
0.352459 
0.318955 
0.288643 
0.26122 
0.236411 
0.213967 
0.193664 
0.175298 
0.158685 
0.143658 
0.130067 
0.117775 
0.106659 
0.0966073 
0.0875187 
0.0793021 
0.0718752 
0.0651653 
0.0591103 
0.0536679 
0.0488753 
0.0515221 
0.046621 
0.0421863 
0.0381736 
0.0345428 
0.0312575 
0.0282849 
0.0255951 
0.0231613 
0.0209592 
0.0189665 
0.0171636 
0.0155322 
0.014056 
0.0127203 
0.0115118 
0.0104182 
0.00942872 
0.0085334 
0.00772328 
0.00699026 
0.00632699 
0.00572684 
0.00518381 
0.00469245 
0.00424785 
0.00384556 
0.00348156 
0.0031522 
0.00285418 
0.00258452 
0.00234052 
0.00211974 
0.00191998 
0.00173922 
0.00157566 
0.00142767 
0.00129377 
0.0011726 
0.00106297 
0.000963769 
0.00087401 
0.000792792 
0.000719303 
0.000652808 
0.000592641 
0.000538199 
0.000488938 
0.000444366 
0.000404035 
0.000367542 
0.000334522 
0.000304644 
0.00027761 
0.000253148 
0.000231014 
0.000210986 
0.000192865 
0.000176468 
0.000161631 
0.000148206 
0.000136059 
0.000125068 
0.000115123 
0.000106124 
9.79817e-05 
9.06141e-05 
8.39477e-05 
7.79157e-05 
7.24577e-05 
6.75191e-05 
6.30505e-05 
5.90072e-05 
5.53486e-05 
5.20382e-05 
4.90429e-05 
4.63325e-05 
4.38802e-05 
4.16612e-05 
3.96533e-05 
3.78365e-05 
3.61927e-05 
3.47052e-05 
3.33594e-05 
3.21416e-05 
3.10396e-05 
3.00426e-05 
2.91404e-05 
2.83241e-05 
2.75855e-05 
2.69172e-05 
2.63124e-05 
2.57652e-05 
2.52701e-05 
2.48221e-05 
2.44168e-05 
2.405e-05 
2.37181e-05 
2.34178e-05 
2.31461e-05 
2.29002e-05 
2.26778e-05 
2.24765e-05 
2.22943e-05 
2.21295e-05 
2.19804e-05 
2.18455e-05 
2.17234e-05 
2.16129e-05 
2.15129e-05 
2.14225e-05 
2.13407e-05 
2.12666e-05 
2.11996e-05 
2.1139e-05 
2.10841e-05 
2.10345e-05 
2.09896e-05 
2.09489e-05 
2.09122e-05 
2.08789e-05 
2.08488e-05 
2.08215e-05 
2.07969e-05 
2.07746e-05 
2.07544e-05 
2.07362e-05 
2.07196e-05 
2.07047e-05 
2.06912e-05 
2.06789e-05 
2.06678e-05 
2.06578e-05 
2.06487e-05 
2.06405e-05 
2.06331e-05 
2.06264e-05 
2.06203e-05 
2.06148e-05 
2.06098e-05 
2.06053e-05 
2.06013e-05 
2.05976e-05 
2.05943e-05 
2.05912e-05 
2.05885e-05 
2.0586e-05 
2.05838e-05 
2.05818e-05 
2.05799e-05 
2.05783e-05 
2.05768e-05 
2.05754e-05 
2.05742e-05 
2.05731e-05 
2.05721e-05 
2.05712e-05 
2.05704e-05 
2.05696e-05 
2.05689e-05 
2.05683e-05 
2.05678e-05 
2.05673e-05 
2.05668e-05 
2.05664e-05 
2.06635e-05 
2.0967e-05 
2.14771e-05 
2.21954e-05 
2.31251e-05 
2.42708e-05 
2.56383e-05 
2.72349e-05 
2.90694e-05 
3.11515e-05 
3.34926e-05 
3.61051e-05 
3.90029e-05 
4.2201e-05 
4.57159e-05 
4.95652e-05 
5.37679e-05 
5.83443e-05 
6.3316e-05 
6.87059e-05 
7.45383e-05 
8.0839e-05 
8.76347e-05 
9.49541e-05 
0.000102827 
0.000111284 
0.000120359 
0.000130084 
0.000140497 
0.000151633 
0.000163532 
0.000176233 
0.000189777 
0.000204208 
0.000219569 
0.000235907 
0.000253269 
0.000271704 
0.000291262 
0.000311994 
0.000333955 
0.000357198 
0.00038178 
0.000407757 
0.00043519 
0.000464137 
0.000494661 
0.000526824 
0.000560691 
0.000596326 
0.000633796 
0.000673168 
0.000714512 
0.000757899 
0.000803405 
0.000851122 
0.00090118 
0.000953812 
0.00100951 
0.0010694 
0.00113629 
0.00121751 
0.00133552 
0.001591 
0.00394466 
0.00357122 
0.00323333 
0.00292759 
0.00265094 
0.00240062 
0.00217413 
0.00196918 
0.00178374 
0.00161595 
0.00146413 
0.00132675 
0.00120245 
0.00108997 
0.000988205 
0.00089612 
0.000812798 
0.000737405 
0.000669187 
0.000607461 
0.000551609 
0.000501073 
0.000455345 
0.000413969 
0.000376531 
0.000342655 
0.000312004 
0.000284269 
0.000259173 
0.000236466 
0.00021592 
0.000197329 
0.000180507 
0.000165286 
0.000151513 
0.000139051 
0.000127776 
0.000117573 
0.000108341 
9.99874e-05 
9.24289e-05 
8.55898e-05 
7.94015e-05 
7.38022e-05 
6.87356e-05 
6.41513e-05 
6.00032e-05 
5.62498e-05 
5.28537e-05 
4.97807e-05 
4.70002e-05 
4.44842e-05 
4.22077e-05 
4.01479e-05 
3.82841e-05 
3.65976e-05 
3.50716e-05 
3.36909e-05 
3.24415e-05 
3.13111e-05 
3.02882e-05 
2.93627e-05 
2.85252e-05 
2.77674e-05 
2.70818e-05 
2.64614e-05 
2.59e-05 
2.53921e-05 
2.49325e-05 
2.45166e-05 
2.41403e-05 
2.37999e-05 
2.34918e-05 
2.3213e-05 
2.29608e-05 
2.27326e-05 
2.2526e-05 
2.23392e-05 
2.21701e-05 
2.20171e-05 
2.18787e-05 
2.17535e-05 
2.16401e-05 
2.15376e-05 
2.14448e-05 
2.13608e-05 
2.12849e-05 
2.12161e-05 
2.11539e-05 
2.10976e-05 
2.10467e-05 
2.10006e-05 
2.09589e-05 
2.09212e-05 
2.08871e-05 
2.08562e-05 
2.08283e-05 
2.0803e-05 
2.07801e-05 
2.07594e-05 
2.09017e-05 
2.12519e-05 
2.18107e-05 
2.25798e-05 
2.35628e-05 
2.47645e-05 
2.61911e-05 
2.78503e-05 
2.9751e-05 
3.19035e-05 
3.43192e-05 
3.70111e-05 
3.99932e-05 
4.32811e-05 
4.68913e-05 
5.08421e-05 
5.51526e-05 
5.98437e-05 
6.49371e-05 
7.04563e-05 
7.64259e-05 
8.2872e-05 
8.98219e-05 
9.73045e-05 
0.00010535 
0.00011399 
0.000123258 
0.000133187 
0.000143815 
0.000155178 
0.000167315 
0.000180267 
0.000194076 
0.000208784 
0.000224437 
0.00024108 
0.000258763 
0.000277533 
0.000297442 
0.000318542 
0.000340886 
0.00036453 
0.00038953 
0.000415943 
0.00044383 
0.00047325 
0.000504265 
0.000536939 
0.000571336 
0.000607522 
0.000645563 
0.000685527 
0.000727485 
0.000771507 
0.000817674 
0.000866086 
0.000916895 
0.000970387 
0.00102719 
0.0010888 
0.00115891 
0.00124761 
0.00138833 
0.00176827 
0.0155942 
0.0141122 
0.0127711 
0.0115577 
0.0104598 
0.00946637 
0.00856746 
0.0077541 
0.00701814 
0.00635222 
0.00574967 
0.00520447 
0.00471114 
0.00426477 
0.00386087 
0.00349541 
0.00316473 
0.00286551 
0.00259478 
0.0023498 
0.00212814 
0.00192757 
0.0017461 
0.00158189 
0.0014333 
0.00129886 
0.00117721 
0.00106714 
0.000967543 
0.000877424 
0.000795881 
0.000722099 
0.000655337 
0.000594929 
0.00054027 
0.000490812 
0.000446061 
0.000405569 
0.00036893 
0.000335778 
0.000305781 
0.000278638 
0.000254078 
0.000231986 
0.000212215 
0.000194565 
0.000178854 
0.000164922 
0.000152624 
0.000141832 
0.000132431 
0.000124319 
0.000117406 
0.000111615 
0.000106875 
0.000103126 
0.000100317 
9.84042e-05 
9.735e-05 
9.71242e-05 
9.77024e-05 
9.90657e-05 
0.000101201 
0.000104098 
0.000107755 
0.000112169 
0.000117347 
0.000123294 
0.000130023 
0.000137549 
0.000145888 
0.000155062 
0.000165094 
0.000176011 
0.000187842 
0.000200618 
0.000214374 
0.000229146 
0.000244973 
0.000261895 
0.000279955 
0.000299199 
0.000319673 
0.000341427 
0.000364511 
0.000388977 
0.000414881 
0.000442277 
0.000471224 
0.000501781 
0.000534008 
0.000567968 
0.000603725 
0.000641343 
0.000680889 
0.00072243 
0.000766037 
0.000811787 
0.000859775 
0.00091014 
0.000963142 
0.00101934 
0.00108003 
0.00114847 
0.00123329 
0.00136203 
0.00167201 
0.00662231 
0.00599406 
0.00542559 
0.00491123 
0.00444581 
0.00402468 
0.00364363 
0.00329885 
0.00298687 
0.00270458 
0.00244916 
0.00221804 
0.00200892 
0.0018197 
0.00164849 
0.00149357 
0.00135339 
0.00122655 
0.00111178 
0.00100794 
0.000913975 
0.000828954 
0.000752024 
0.000682415 
0.00061943 
0.000562439 
0.000510872 
0.000464212 
0.000421992 
0.00038379 
0.000349224 
0.000317947 
0.000289647 
0.000264039 
0.000240869 
0.000219904 
0.000200933 
0.000183769 
0.000168237 
0.000154184 
0.000141468 
0.000129962 
0.000119551 
0.000110131 
0.000101607 
9.38945e-05 
8.69159e-05 
8.06015e-05 
7.48879e-05 
6.9718e-05 
6.50402e-05 
6.08075e-05 
5.69776e-05 
5.35122e-05 
5.03765e-05 
4.75427e-05 
4.51855e-05 
4.32786e-05 
4.17999e-05 
4.07307e-05 
4.00559e-05 
3.97637e-05 
3.98451e-05 
4.02941e-05 
4.11072e-05 
4.22834e-05 
4.38244e-05 
4.57338e-05 
4.80177e-05 
5.0684e-05 
5.37428e-05 
5.72062e-05 
6.10882e-05 
6.54045e-05 
7.01728e-05 
7.54125e-05 
8.11447e-05 
8.73924e-05 
9.41801e-05 
0.000101534 
0.000109483 
0.000118055 
0.000127283 
0.000137199 
0.000147837 
0.000159235 
0.00017143 
0.00018446 
0.000198368 
0.000213196 
0.000228988 
0.00024579 
0.000263649 
0.000282614 
0.000302735 
0.000324065 
0.000346657 
0.000370566 
0.000395848 
0.000422561 
0.000450764 
0.000480517 
0.000511883 
0.000544925 
0.000579707 
0.000616295 
0.000654756 
0.000695158 
0.00073757 
0.000782066 
0.000828729 
0.000877666 
0.00092905 
0.000983221 
0.00104094 
0.00110404 
0.00117714 
0.0012732 
0.00143872 
0.00200375 
0.130288 
0.185825 
0.196626 
0.206518 
0.217732 
0.318286 
0.405915 
0.409449 
0.411339 
0.413246 
0.416033 
0.491097 
0.556513 
0.56305 
0.567106 
0.571416 
0.626507 
0.674517 
0.610466 
0.552403 
0.499854 
0.452309 
0.409291 
0.370371 
0.335159 
0.303301 
0.274479 
0.248405 
0.224816 
0.203476 
0.184172 
0.16671 
0.150915 
0.136629 
0.123708 
0.112022 
0.101454 
0.0918991 
0.0832603 
0.0754522 
0.0683998 
0.0620424 
0.0563568 
0.0516505 
0.173553 
0.279787 
0.286048 
0.290432 
0.294833 
0.317452 
0.405188 
0.481646 
0.495753 
0.505633 
0.5186 
0.58048 
0.634406 
0.641477 
0.645966 
0.651464 
0.58947 
0.533375 
0.482619 
0.436693 
0.395137 
0.357536 
0.323513 
0.292728 
0.264873 
0.239668 
0.216862 
0.196227 
0.177555 
0.16066 
0.145373 
0.13154 
0.119024 
0.107699 
0.0974523 
0.0881802 
0.0797906 
0.0721993 
0.0653305 
0.0591153 
0.0534916 
0.048403 
0.0437987 
0.0396326 
0.0358629 
0.032452 
0.0293657 
0.0265731 
0.0240462 
0.0217598 
0.019691 
0.0178191 
0.0161253 
0.0145927 
0.013206 
0.0119512 
0.0108158 
0.00978849 
0.00885893 
0.00801783 
0.00725678 
0.00656815 
0.00594505 
0.00538125 
0.0048711 
0.0044095 
0.00399183 
0.00361391 
0.00327195 
0.00296253 
0.00268256 
0.00242923 
0.00220001 
0.00199261 
0.00180494 
0.00163513 
0.00148148 
0.00134245 
0.00121666 
0.00110283 
0.000999837 
0.000906645 
0.000822322 
0.000746023 
0.000676985 
0.000614517 
0.000557993 
0.000506849 
0.000460572 
0.000418699 
0.00038081 
0.000346527 
0.000315507 
0.000287439 
0.000262042 
0.000239062 
0.000218268 
0.000199454 
0.00018243 
0.000167026 
0.000153088 
0.000140476 
0.000129064 
0.000118739 
0.000109396 
0.000100942 
9.32929e-05 
8.63716e-05 
8.01089e-05 
7.44422e-05 
6.93148e-05 
6.46753e-05 
6.04773e-05 
5.66788e-05 
5.32419e-05 
5.01319e-05 
4.7318e-05 
4.47718e-05 
4.2468e-05 
4.03833e-05 
3.84971e-05 
3.67904e-05 
3.52461e-05 
3.38487e-05 
3.25843e-05 
3.14403e-05 
3.04051e-05 
2.94685e-05 
2.86209e-05 
2.78541e-05 
2.71602e-05 
2.65323e-05 
2.59642e-05 
2.54501e-05 
2.4985e-05 
2.45642e-05 
2.41833e-05 
2.38388e-05 
2.3527e-05 
2.32449e-05 
2.29896e-05 
2.27586e-05 
2.25497e-05 
2.23605e-05 
2.21894e-05 
2.20346e-05 
2.18945e-05 
2.17678e-05 
2.16531e-05 
2.15493e-05 
2.14554e-05 
2.13704e-05 
2.12935e-05 
2.1224e-05 
2.1161e-05 
2.11041e-05 
2.10525e-05 
2.10059e-05 
2.09637e-05 
2.09255e-05 
2.0891e-05 
2.08597e-05 
2.08315e-05 
2.08059e-05 
2.07827e-05 
2.07618e-05 
2.07428e-05 
2.07256e-05 
2.07101e-05 
2.06961e-05 
2.06834e-05 
2.06719e-05 
2.06615e-05 
2.0652e-05 
2.06435e-05 
2.06358e-05 
2.06288e-05 
2.06225e-05 
2.06168e-05 
2.06117e-05 
2.0607e-05 
2.06028e-05 
2.05989e-05 
2.05955e-05 
2.05923e-05 
2.05895e-05 
2.05869e-05 
2.05846e-05 
2.05825e-05 
2.05806e-05 
2.05789e-05 
2.05773e-05 
2.05759e-05 
2.05746e-05 
2.05735e-05 
2.05725e-05 
2.05715e-05 
2.05707e-05 
2.05699e-05 
2.05692e-05 
2.05685e-05 
2.0568e-05 
2.05675e-05 
2.0567e-05 
2.05666e-05 
2.05662e-05 
2.05658e-05 
2.05655e-05 
2.05652e-05 
2.0565e-05 
2.05647e-05 
2.05645e-05 
2.05643e-05 
2.05642e-05 
2.0564e-05 
2.05639e-05 
2.05637e-05 
2.05636e-05 
2.05635e-05 
2.05634e-05 
2.05633e-05 
2.05633e-05 
2.05632e-05 
2.05631e-05 
2.05631e-05 
2.0563e-05 
2.0563e-05 
2.05629e-05 
2.05629e-05 
2.05629e-05 
2.07281e-05 
2.10995e-05 
2.16778e-05 
2.24651e-05 
2.34649e-05 
2.46825e-05 
2.6124e-05 
2.77973e-05 
2.97113e-05 
3.18766e-05 
3.43046e-05 
3.70083e-05 
4.00021e-05 
4.33013e-05 
4.69229e-05 
5.08848e-05 
5.52065e-05 
5.99088e-05 
6.50136e-05 
7.05444e-05 
7.65258e-05 
8.2984e-05 
8.99464e-05 
9.74418e-05 
0.000105501 
0.000114154 
0.000123436 
0.000133381 
0.000144024 
0.000155403 
0.000167557 
0.000180526 
0.000194353 
0.000209081 
0.000224753 
0.000241418 
0.000259122 
0.000277915 
0.000297848 
0.000318973 
0.000341343 
0.000365013 
0.000390041 
0.000416484 
0.0004444 
0.000473852 
0.0005049 
0.000537608 
0.00057204 
0.000608263 
0.000646342 
0.000686345 
0.000728343 
0.000772408 
0.000818619 
0.000867077 
0.000917935 
0.000971486 
0.00102837 
0.00109009 
0.00116044 
0.00124972 
0.00139228 
0.00178401 
0.0183863 
0.0166385 
0.0150571 
0.0136261 
0.0123314 
0.0111598 
0.0100998 
0.00914057 
0.00827267 
0.00748737 
0.00677679 
0.00613384 
0.00555207 
0.00502567 
0.00454936 
0.00411838 
0.00372841 
0.00337556 
0.00305628 
0.00276739 
0.00250599 
0.00226947 
0.00205545 
0.0018618 
0.00168658 
0.00152803 
0.00138458 
0.00125477 
0.00113732 
0.00103104 
0.000934881 
0.000847871 
0.00076914 
0.000697902 
0.000633444 
0.000575119 
0.000522345 
0.000474593 
0.000431386 
0.00039229 
0.000356915 
0.000324906 
0.000295943 
0.00026992 
0.000246597 
0.000225737 
0.000207128 
0.00019058 
0.000175921 
0.000163 
0.00015168 
0.00014184 
0.000133372 
0.000126182 
0.000120187 
0.000115313 
0.000111497 
0.000108684 
0.000106828 
0.00010589 
0.000105839 
0.000106647 
0.000108295 
0.000110769 
0.00011406 
0.000118162 
0.000123077 
0.000128807 
0.000135362 
0.000142752 
0.000150993 
0.000160103 
0.000170104 
0.000181021 
0.000192881 
0.000205714 
0.000219553 
0.000234433 
0.000250393 
0.000267471 
0.00028571 
0.000305156 
0.000325853 
0.000347851 
0.000371199 
0.000395951 
0.000422161 
0.000449883 
0.000479176 
0.000510098 
0.000542711 
0.000577077 
0.000613258 
0.00065132 
0.00069133 
0.000733355 
0.000777467 
0.000823746 
0.000872292 
0.000923267 
0.00097698 
0.00103412 
0.00109631 
0.00116765 
0.00125944 
0.00141039 
0.00185979 
0.0444772 
0.167302 
0.274339 
0.367617 
0.374827 
0.379718 
0.384667 
0.463763 
0.465489 
0.466166 
0.466752 
0.467362 
0.468146 
0.536512 
0.537081 
0.486113 
0.439932 
0.398118 
0.360269 
0.326019 
0.29503 
0.266993 
0.241628 
0.21868 
0.197921 
0.17914 
0.162152 
0.146785 
0.132885 
0.120313 
0.108942 
0.0986591 
0.0893604 
0.0809527 
0.0733515 
0.0664801 
0.0602696 
0.0546572 
0.049587 
0.0450091 
0.0408823 
0.0371801 
0.0339298 
0.0351162 
0.159144 
0.26723 
0.361422 
0.37651 
0.388075 
0.402291 
0.479122 
0.546077 
0.585474 
0.530017 
0.47965 
0.434039 
0.392762 
0.355416 
0.321626 
0.291056 
0.263399 
0.238378 
0.215743 
0.195266 
0.176742 
0.159986 
0.144829 
0.13112 
0.118722 
0.107508 
0.0973683 
0.0881993 
0.0799094 
0.0724154 
0.0656423 
0.0595241 
0.0540048 
0.0490481 
0.0446989 
0.0475052 
0.0429863 
0.0388975 
0.0351978 
0.0318502 
0.0288211 
0.0260803 
0.0236004 
0.0213564 
0.019326 
0.0174888 
0.0158265 
0.0143223 
0.0129613 
0.0117298 
0.0106155 
0.00960722 
0.00869491 
0.00786942 
0.00712249 
0.00644664 
0.0058351 
0.00528177 
0.00478109 
0.00432805 
0.00391813 
0.00354722 
0.00321161 
0.00290794 
0.00263316 
0.00238454 
0.00215957 
0.00195601 
0.00177183 
0.00160517 
0.00145437 
0.00131792 
0.00119446 
0.00108275 
0.000981664 
0.000890202 
0.000807443 
0.00073256 
0.000664803 
0.000603494 
0.00054802 
0.000497825 
0.000452406 
0.00041131 
0.000374125 
0.000340478 
0.000310034 
0.000282486 
0.00025756 
0.000235007 
0.000214599 
0.000196134 
0.000179426 
0.000164308 
0.000150628 
0.000138251 
0.000127051 
0.000116917 
0.000107747 
9.94505e-05 
9.19432e-05 
8.51503e-05 
7.90038e-05 
7.34423e-05 
6.841e-05 
6.38566e-05 
5.97366e-05 
5.60086e-05 
5.26354e-05 
4.95832e-05 
4.68215e-05 
4.43226e-05 
4.20614e-05 
4.00155e-05 
3.81643e-05 
3.64892e-05 
3.49736e-05 
3.36021e-05 
3.23612e-05 
3.12384e-05 
3.02225e-05 
2.93032e-05 
2.84714e-05 
2.77187e-05 
2.70377e-05 
2.64215e-05 
2.58639e-05 
2.53594e-05 
2.49029e-05 
2.44899e-05 
2.41161e-05 
2.3778e-05 
2.3472e-05 
2.31951e-05 
2.29446e-05 
2.27179e-05 
2.25128e-05 
2.23272e-05 
2.21592e-05 
2.20073e-05 
2.18698e-05 
2.17454e-05 
2.16328e-05 
2.1531e-05 
2.14388e-05 
2.13554e-05 
2.128e-05 
2.12117e-05 
2.11499e-05 
2.1094e-05 
2.10434e-05 
2.09977e-05 
2.09563e-05 
2.09188e-05 
2.08849e-05 
2.08542e-05 
2.08265e-05 
2.08013e-05 
2.07786e-05 
2.07581e-05 
2.07394e-05 
2.07226e-05 
2.07074e-05 
2.06936e-05 
2.06811e-05 
2.06698e-05 
2.06596e-05 
2.06504e-05 
2.0642e-05 
2.06345e-05 
2.06276e-05 
2.06214e-05 
2.06158e-05 
2.06107e-05 
2.06062e-05 
2.0602e-05 
2.05983e-05 
2.05949e-05 
2.05918e-05 
2.0589e-05 
2.05865e-05 
2.05842e-05 
2.05821e-05 
2.05803e-05 
2.05786e-05 
2.05771e-05 
2.05757e-05 
2.05744e-05 
2.05733e-05 
2.05723e-05 
2.05713e-05 
2.05705e-05 
2.05697e-05 
2.05691e-05 
2.05684e-05 
2.05748e-05 
2.07877e-05 
2.12069e-05 
2.18331e-05 
2.2669e-05 
2.37185e-05 
2.49869e-05 
2.6481e-05 
2.82086e-05 
3.01793e-05 
3.24037e-05 
3.48936e-05 
3.76625e-05 
4.07246e-05 
4.4096e-05 
4.77937e-05 
5.18361e-05 
5.62428e-05 
6.1035e-05 
6.62349e-05 
7.18663e-05 
7.79542e-05 
8.45249e-05 
9.16063e-05 
9.92275e-05 
0.000107419 
0.000116213 
0.000125643 
0.000135743 
0.000146551 
0.000158103 
0.00017044 
0.000183601 
0.000197629 
0.000212568 
0.000228463 
0.00024536 
0.000263309 
0.000282357 
0.000302557 
0.00032396 
0.000346622 
0.000370597 
0.000395942 
0.000422715 
0.000450977 
0.000480787 
0.000512207 
0.000545303 
0.000580137 
0.000616777 
0.000655289 
0.000695741 
0.000738203 
0.00078275 
0.000829463 
0.000878452 
0.000929891 
0.000984125 
0.00104193 
0.00110516 
0.00117851 
0.00127522 
0.00144301 
0.00202849 
0.13031 
0.209317 
0.217051 
0.22321 
0.229405 
0.294182 
0.297482 
0.29958 
0.301697 
0.304329 
0.393752 
0.408098 
0.418883 
0.432369 
0.505333 
0.568919 
0.624331 
0.565188 
0.511467 
0.462823 
0.418806 
0.37898 
0.342947 
0.310347 
0.280854 
0.254171 
0.230032 
0.208194 
0.188439 
0.17057 
0.154405 
0.139785 
0.126561 
0.114601 
0.103786 
0.094006 
0.0851633 
0.0771692 
0.0699441 
0.0634177 
0.0575318 
0.0522537 
0.0476914 
0.0625705 
0.0566179 
0.0512319 
0.0463584 
0.0419487 
0.0379586 
0.0343483 
0.0310815 
0.0281256 
0.025451 
0.0230309 
0.0208411 
0.0188598 
0.0170669 
0.0154447 
0.0139769 
0.0126488 
0.011447 
0.0103596 
0.0093757 
0.00848542 
0.00767987 
0.00695098 
0.00629145 
0.00569468 
0.00515471 
0.00466612 
0.00422403 
0.00382401 
0.00346205 
0.00313455 
0.00283821 
0.00257007 
0.00232744 
0.00210791 
0.00190927 
0.00172953 
0.0015669 
0.00141974 
0.00128659 
0.00116611 
0.00105709 
0.000958454 
0.0008692 
0.00078844 
0.000715365 
0.000649244 
0.000589416 
0.000535282 
0.000486299 
0.000441977 
0.000401874 
0.000365586 
0.000332752 
0.000303043 
0.000276161 
0.000251837 
0.000229828 
0.000209913 
0.000191894 
0.000175589 
0.000160836 
0.000147487 
0.000135408 
0.000124479 
0.00011459 
0.000105642 
9.75454e-05 
9.02193e-05 
8.35905e-05 
7.75925e-05 
7.21652e-05 
6.72545e-05 
6.28111e-05 
5.87905e-05 
5.51526e-05 
5.18608e-05 
4.88824e-05 
4.626e-05 
4.41006e-05 
4.23797e-05 
4.10767e-05 
4.01745e-05 
3.96595e-05 
3.95212e-05 
3.97517e-05 
4.03463e-05 
4.13025e-05 
4.26205e-05 
4.43026e-05 
4.63537e-05 
4.87804e-05 
5.15918e-05 
5.47985e-05 
5.84136e-05 
6.24515e-05 
6.6929e-05 
7.18642e-05 
7.72773e-05 
8.31901e-05 
8.96261e-05 
9.66106e-05 
0.000104171 
0.000112334 
0.000121133 
0.000130597 
0.000140761 
0.00015166 
0.00016333 
0.000175811 
0.000189141 
0.000203363 
0.00021852 
0.000234657 
0.000251819 
0.000270055 
0.000289414 
0.000309948 
0.000331708 
0.000354749 
0.000379126 
0.000404895 
0.000432116 
0.000460848 
0.000491151 
0.000523089 
0.000556724 
0.000592122 
0.000629349 
0.000668472 
0.00070956 
0.000752683 
0.000797917 
0.00084535 
0.000895106 
0.0009474 
0.00100268 
0.00106196 
0.00112775 
0.00120653 
0.00131768 
0.00154224 
0.00311123 
0.00281711 
0.00255098 
0.00231017 
0.00209229 
0.00189513 
0.00171674 
0.00155532 
0.00140927 
0.00127711 
0.00115753 
0.00104933 
0.000951432 
0.000862846 
0.000782691 
0.000710163 
0.000644538 
0.000585158 
0.000531428 
0.000482812 
0.000438822 
0.000399019 
0.000363003 
0.000330415 
0.000300928 
0.000274247 
0.000250106 
0.000228261 
0.000208496 
0.000190611 
0.000174429 
0.000159786 
0.000146537 
0.000134549 
0.000123701 
0.000113886 
0.000105005 
9.6969e-05 
8.96979e-05 
8.31186e-05 
7.71655e-05 
7.17789e-05 
6.69049e-05 
6.24948e-05 
5.85043e-05 
5.48936e-05 
5.16265e-05 
4.86703e-05 
4.59955e-05 
4.35752e-05 
4.13852e-05 
3.94036e-05 
3.76106e-05 
3.59882e-05 
3.45203e-05 
3.3192e-05 
3.19901e-05 
3.09026e-05 
2.99186e-05 
2.90282e-05 
2.82226e-05 
2.74936e-05 
2.6834e-05 
2.62372e-05 
2.56972e-05 
2.52086e-05 
2.47664e-05 
2.43664e-05 
2.40044e-05 
2.36768e-05 
2.33805e-05 
2.31123e-05 
2.28696e-05 
2.26501e-05 
2.24514e-05 
2.22717e-05 
2.2109e-05 
2.19619e-05 
2.18287e-05 
2.17082e-05 
2.15992e-05 
2.15005e-05 
2.14113e-05 
2.13305e-05 
2.12574e-05 
2.11913e-05 
2.11314e-05 
2.10773e-05 
2.10283e-05 
2.0984e-05 
2.09439e-05 
2.09076e-05 
2.08748e-05 
2.0845e-05 
2.08182e-05 
2.07938e-05 
2.07718e-05 
2.07519e-05 
2.07339e-05 
2.07176e-05 
2.07028e-05 
2.06895e-05 
2.06774e-05 
2.06665e-05 
2.06566e-05 
2.06476e-05 
2.06395e-05 
2.06322e-05 
2.06256e-05 
2.06196e-05 
2.06141e-05 
2.06092e-05 
2.06048e-05 
2.06008e-05 
2.05971e-05 
2.05938e-05 
2.05909e-05 
2.05882e-05 
2.05857e-05 
2.05835e-05 
2.05815e-05 
2.05797e-05 
2.05781e-05 
2.05766e-05 
2.05753e-05 
2.0574e-05 
2.0573e-05 
2.0572e-05 
2.05711e-05 
2.05703e-05 
2.05695e-05 
2.05689e-05 
2.05683e-05 
2.05677e-05 
2.05672e-05 
2.05668e-05 
2.05664e-05 
2.0566e-05 
2.05657e-05 
2.05654e-05 
2.05651e-05 
2.05649e-05 
2.05646e-05 
2.05644e-05 
2.05643e-05 
2.05641e-05 
2.05639e-05 
2.05638e-05 
2.05637e-05 
2.05636e-05 
2.05635e-05 
2.05634e-05 
2.05633e-05 
2.05632e-05 
2.05632e-05 
2.05631e-05 
2.05631e-05 
2.0563e-05 
2.0563e-05 
2.05629e-05 
2.05629e-05 
2.05628e-05 
2.05628e-05 
2.05628e-05 
2.05628e-05 
2.05627e-05 
2.05627e-05 
2.05627e-05 
2.05627e-05 
2.05627e-05 
2.05627e-05 
2.05626e-05 
2.05626e-05 
2.05626e-05 
2.05626e-05 
2.05626e-05 
2.05626e-05 
2.05626e-05 
2.05626e-05 
2.05626e-05 
2.05626e-05 
2.05626e-05 
2.05626e-05 
2.05626e-05 
2.05626e-05 
2.05626e-05 
2.05626e-05 
2.05626e-05 
2.05626e-05 
2.05626e-05 
2.05626e-05 
2.05625e-05 
2.05625e-05 
2.05625e-05 
2.05625e-05 
2.05625e-05 
2.05625e-05 
2.05625e-05 
2.05625e-05 
2.05625e-05 
2.05625e-05 
2.05625e-05 
2.05625e-05 
2.05625e-05 
2.05625e-05 
2.05625e-05 
2.05625e-05 
2.05625e-05 
2.05625e-05 
2.05625e-05 
2.05625e-05 
2.05625e-05 
2.05625e-05 
2.05625e-05 
2.05625e-05 
2.05625e-05 
2.05625e-05 
2.05625e-05 
2.05625e-05 
2.05625e-05 
2.05625e-05 
2.05625e-05 
2.05625e-05 
2.05625e-05 
2.05625e-05 
2.05625e-05 
2.05625e-05 
2.05625e-05 
2.05625e-05 
2.05625e-05 
2.05625e-05 
2.05625e-05 
2.05625e-05 
2.05625e-05 
2.05625e-05 
2.05625e-05 
2.05625e-05 
2.05625e-05 
2.06197e-05 
2.08833e-05 
2.13533e-05 
2.2031e-05 
2.29193e-05 
2.40224e-05 
2.53461e-05 
2.68974e-05 
2.86845e-05 
3.07173e-05 
3.30067e-05 
3.55649e-05 
3.84056e-05 
4.15434e-05 
4.49947e-05 
4.87768e-05 
5.29084e-05 
5.74096e-05 
6.23017e-05 
6.76074e-05 
7.33507e-05 
7.95569e-05 
8.6253e-05 
9.34668e-05 
0.000101228 
0.000109568 
0.000118518 
0.000128112 
0.000138387 
0.000149377 
0.000161123 
0.000173662 
0.000187037 
0.000201289 
0.000216463 
0.000232605 
0.000249761 
0.000267981 
0.000287313 
0.00030781 
0.000329524 
0.000352509 
0.000376823 
0.00040252 
0.000429661 
0.000458305 
0.000488513 
0.000520348 
0.000553873 
0.000589154 
0.000626257 
0.000665249 
0.000706199 
0.000749177 
0.000794258 
0.00084153 
0.000891113 
0.00094321 
0.00099824 
0.00105716 
0.00112231 
0.00119968 
0.00130696 
0.00151522 
0.00278656 
0.13097 
0.242677 
0.340025 
0.42486 
0.49879 
0.499479 
0.452139 
0.409228 
0.370369 
0.33519 
0.303346 
0.274524 
0.248442 
0.224842 
0.203491 
0.184174 
0.166699 
0.150891 
0.136591 
0.123656 
0.111956 
0.101374 
0.0918035 
0.0831486 
0.0753224 
0.0682462 
0.061849 
0.0560663 
0.0508401 
0.0461177 
0.0418516 
0.0379987 
0.0345199 
0.0313799 
0.028547 
0.025993 
0.0236946 
0.0216364 
0.0198246 
0.0183755 
0.022149 
0.0200432 
0.0181377 
0.0164136 
0.0148536 
0.013442 
0.0121648 
0.0110091 
0.00996335 
0.00901715 
0.008161 
0.00738632 
0.00668536 
0.00605111 
0.00547721 
0.00495794 
0.00448807 
0.00406293 
0.00367824 
0.00333016 
0.0030152 
0.00273022 
0.00247235 
0.00223903 
0.00202791 
0.00183688 
0.00166403 
0.00150763 
0.00136612 
0.00123807 
0.00112221 
0.00101737 
0.000922508 
0.000836675 
0.00075901 
0.000688736 
0.000625149 
0.000567614 
0.000515554 
0.000468449 
0.000425826 
0.000387259 
0.000352363 
0.000320787 
0.000292216 
0.000266365 
0.000242973 
0.000221807 
0.000202656 
0.000185327 
0.000169648 
0.00015546 
0.000142623 
0.000131007 
0.000120496 
0.000110986 
0.000102381 
9.45949e-05 
8.75496e-05 
8.11749e-05 
7.54067e-05 
7.01875e-05 
6.5465e-05 
6.11919e-05 
5.73254e-05 
5.38269e-05 
5.06613e-05 
4.7797e-05 
4.52052e-05 
4.28601e-05 
4.07382e-05 
3.88182e-05 
3.70809e-05 
3.55089e-05 
3.40866e-05 
3.27995e-05 
3.1635e-05 
3.05813e-05 
2.96279e-05 
2.87652e-05 
2.79846e-05 
2.72783e-05 
2.66392e-05 
2.60609e-05 
2.55376e-05 
2.50642e-05 
2.46358e-05 
2.42482e-05 
2.38974e-05 
2.35801e-05 
2.32929e-05 
2.30331e-05 
2.2798e-05 
2.25852e-05 
2.23927e-05 
2.22186e-05 
2.2061e-05 
2.19184e-05 
2.17893e-05 
2.16726e-05 
2.1567e-05 
2.14714e-05 
2.13849e-05 
2.13066e-05 
2.12358e-05 
2.11717e-05 
2.11138e-05 
2.10613e-05 
2.10138e-05 
2.09709e-05 
2.0932e-05 
2.08969e-05 
2.08651e-05 
2.08363e-05 
2.08102e-05 
2.07866e-05 
2.07653e-05 
2.0746e-05 
2.07286e-05 
2.07128e-05 
2.06985e-05 
2.06855e-05 
2.06738e-05 
2.06632e-05 
2.06536e-05 
2.0645e-05 
2.06371e-05 
2.063e-05 
2.06236e-05 
2.06178e-05 
2.06125e-05 
2.06078e-05 
2.06035e-05 
2.05996e-05 
2.05961e-05 
2.05929e-05 
2.059e-05 
2.05874e-05 
2.0585e-05 
2.05829e-05 
2.05809e-05 
2.05792e-05 
2.05776e-05 
2.05762e-05 
2.05749e-05 
2.05737e-05 
2.05726e-05 
2.05717e-05 
2.05708e-05 
2.057e-05 
2.05693e-05 
2.05687e-05 
2.05681e-05 
2.05675e-05 
2.05671e-05 
2.05666e-05 
2.05662e-05 
2.05659e-05 
2.05656e-05 
2.05653e-05 
2.0565e-05 
2.05648e-05 
2.05646e-05 
2.05644e-05 
2.05642e-05 
2.0564e-05 
2.05639e-05 
2.05638e-05 
2.05637e-05 
2.05635e-05 
2.05635e-05 
2.05634e-05 
2.05633e-05 
2.05632e-05 
2.05631e-05 
2.05631e-05 
2.0563e-05 
2.0563e-05 
2.05629e-05 
2.05629e-05 
2.05629e-05 
2.05628e-05 
2.05628e-05 
2.05628e-05 
2.05628e-05 
2.05627e-05 
2.06908e-05 
2.10252e-05 
2.15663e-05 
2.2316e-05 
2.32776e-05 
2.44559e-05 
2.5857e-05 
2.74884e-05 
2.9359e-05 
3.14788e-05 
3.38593e-05 
3.65132e-05 
3.94545e-05 
4.26985e-05 
4.62617e-05 
5.01621e-05 
5.44188e-05 
5.90523e-05 
6.40843e-05 
6.95381e-05 
7.54381e-05 
8.18102e-05 
8.86815e-05 
9.60807e-05 
0.000104038 
0.000112584 
0.000121753 
0.000131578 
0.000142095 
0.000153341 
0.000165356 
0.000178179 
0.000191851 
0.000206416 
0.000221919 
0.000238405 
0.000255923 
0.00027452 
0.000294248 
0.000315159 
0.000337305 
0.000360742 
0.000385527 
0.000411715 
0.000439368 
0.000468544 
0.000499306 
0.000531717 
0.00056584 
0.000601742 
0.000639489 
0.000679148 
0.000720789 
0.000764484 
0.00081031 
0.000858363 
0.000908783 
0.000961826 
0.00101805 
0.00107874 
0.0011471 
0.00123168 
0.00135961 
0.00166496 
0.00630342 
0.00570552 
0.00516451 
0.00467499 
0.00423205 
0.00383127 
0.00346863 
0.00314049 
0.00284359 
0.00257493 
0.00233185 
0.0021119 
0.00191288 
0.0017328 
0.00156985 
0.00142241 
0.00128901 
0.0011683 
0.00105907 
0.000960244 
0.00087082 
0.000789906 
0.000716691 
0.000650445 
0.000590502 
0.000536264 
0.000487188 
0.000442782 
0.000402601 
0.000366245 
0.000333348 
0.000303582 
0.000276649 
0.000252278 
0.000230227 
0.000210275 
0.000192221 
0.000175885 
0.000161104 
0.000147729 
0.000135628 
0.000124678 
0.000114769 
0.000105804 
9.76923e-05 
9.03523e-05 
8.37108e-05 
7.77013e-05 
7.22638e-05 
6.73436e-05 
6.28917e-05 
5.88635e-05 
5.52186e-05 
5.19206e-05 
4.89364e-05 
4.62362e-05 
4.3793e-05 
4.16141e-05 
3.98521e-05 
3.84867e-05 
3.75009e-05 
3.68811e-05 
3.66165e-05 
3.66992e-05 
3.7124e-05 
3.7888e-05 
3.89908e-05 
4.04342e-05 
4.22223e-05 
4.4361e-05 
4.68583e-05 
4.97243e-05 
5.29706e-05 
5.6611e-05 
6.06609e-05 
6.51373e-05 
7.00591e-05 
7.54469e-05 
8.13229e-05 
8.77109e-05 
9.46365e-05 
0.000102127 
0.00011021 
0.000118918 
0.000128281 
0.000138334 
0.00014911 
0.000160649 
0.000172986 
0.000186163 
0.000200222 
0.000215204 
0.000231155 
0.00024812 
0.000266148 
0.000285289 
0.000305591 
0.000327109 
0.000349895 
0.000374005 
0.000399495 
0.000426424 
0.000454851 
0.000484837 
0.000516444 
0.000549735 
0.000584775 
0.00062163 
0.000660367 
0.000701055 
0.000743762 
0.000788565 
0.000835547 
0.000884822 
0.000936579 
0.000991197 
0.00104954 
0.00111368 
0.00118893 
0.00129054 
0.0014764 
0.00241707 
0.130648 
0.242397 
0.339781 
0.344903 
0.348144 
0.351409 
0.36205 
0.327598 
0.296424 
0.268217 
0.242694 
0.219601 
0.198704 
0.179797 
0.162688 
0.147208 
0.133201 
0.120527 
0.109059 
0.0986826 
0.0892935 
0.0807979 
0.0731107 
0.0661551 
0.0598615 
0.0541668 
0.049014 
0.0443515 
0.0401328 
0.0363155 
0.0328616 
0.0297363 
0.0269084 
0.0243496 
0.0220344 
0.0199394 
0.0180439 
0.0163287 
0.0147767 
0.0133725 
0.0121018 
0.0109521 
0.00991183 
0.00897054 
0.00811882 
0.00734815 
0.00665083 
0.00601986 
0.00544894 
0.00493235 
0.00446492 
0.00404198 
0.00365928 
0.00331301 
0.00299968 
0.00271618 
0.00245965 
0.00222754 
0.00201751 
0.00182747 
0.00165552 
0.00149993 
0.00135915 
0.00123176 
0.0011165 
0.0010122 
0.000917834 
0.000832446 
0.000755183 
0.000685274 
0.000622017 
0.00056478 
0.00051299 
0.000466128 
0.000423726 
0.000385359 
0.000350644 
0.000319232 
0.000290809 
0.000265091 
0.000241821 
0.000220765 
0.000201713 
0.000184474 
0.000168875 
0.000154761 
0.00014199 
0.000130434 
0.000119979 
0.000110518 
0.000101957 
9.42113e-05 
8.72025e-05 
8.08608e-05 
7.51225e-05 
6.99304e-05 
6.52323e-05 
6.09813e-05 
5.71349e-05 
5.36545e-05 
5.05053e-05 
4.76558e-05 
4.50775e-05 
4.27446e-05 
4.06336e-05 
3.87236e-05 
3.69953e-05 
3.54315e-05 
3.40165e-05 
3.27361e-05 
3.15776e-05 
3.05294e-05 
2.95809e-05 
2.87227e-05 
2.79461e-05 
2.72435e-05 
2.66077e-05 
2.62211e-05 
2.60955e-05 
2.62263e-05 
2.66112e-05 
2.72497e-05 
2.81431e-05 
2.92944e-05 
3.07085e-05 
3.23915e-05 
3.43515e-05 
3.65979e-05 
3.91417e-05 
4.19952e-05 
4.51726e-05 
4.8689e-05 
5.25614e-05 
5.6808e-05 
6.14486e-05 
6.65041e-05 
7.19974e-05 
7.79522e-05 
8.43942e-05 
9.13502e-05 
9.88486e-05 
0.000106919 
0.000115593 
0.000124904 
0.000134885 
0.000145572 
0.000157003 
0.000169216 
0.000182252 
0.000196153 
0.000210961 
0.000226721 
0.000243481 
0.000261287 
0.000280188 
0.000300237 
0.000321484 
0.000343984 
0.000367792 
0.000392964 
0.000419558 
0.000447634 
0.000477252 
0.000508474 
0.000541363 
0.000575985 
0.000612404 
0.000650688 
0.000690904 
0.000733122 
0.000777416 
0.000823867 
0.000872578 
0.000923713 
0.000977587 
0.0010349 
0.00109733 
0.00116906 
0.00126171 
0.00141541 
0.00188467 
0.0619775 
0.0972715 
0.128651 
0.158648 
0.193023 
0.22609 
0.257434 
0.287159 
0.315366 
0.342167 
0.367788 
0.392627 
0.416757 
0.439936 
0.462104 
0.48332 
0.503696 
0.523317 
0.542197 
0.560327 
0.577722 
0.594422 
0.610467 
0.625888 
0.640702 
0.654928 
0.668589 
0.68171 
0.694315 
0.706422 
0.71805 
0.729217 
0.739943 
0.750245 
0.760139 
0.769643 
0.778769 
0.787535 
0.795954 
0.804039 
0.811805 
0.819263 
0.826426 
0.833305 
0.839912 
0.846257 
0.852351 
0.858203 
0.863824 
0.869222 
0.874406 
0.879385 
0.884166 
0.888758 
0.893169 
0.897404 
0.901471 
0.905378 
0.909129 
0.912732 
0.916192 
0.919515 
0.922706 
0.925771 
0.928714 
0.931541 
0.934255 
0.936862 
0.939366 
0.94177 
0.944079 
0.946297 
0.948426 
0.950472 
0.952436 
0.954322 
0.956133 
0.957873 
0.959544 
0.961148 
0.962689 
0.964168 
0.965589 
0.966954 
0.968265 
0.969523 
0.970732 
0.971893 
0.973007 
0.974078 
0.975106 
0.976093 
0.977041 
0.977952 
0.978826 
0.979666 
0.980472 
0.981247 
0.981991 
0.982705 
0.983391 
0.98405 
0.984682 
0.98529 
0.985873 
0.986433 
0.986971 
0.987488 
0.987984 
0.988461 
0.988919 
0.989358 
0.98978 
0.990186 
0.990575 
0.990949 
0.991308 
0.991652 
0.991984 
0.992301 
0.992607 
0.9929 
0.993182 
0.993452 
0.993712 
0.993961 
0.994201 
0.994431 
0.994652 
0.994864 
0.995067 
0.995263 
0.995451 
0.995631 
0.995805 
0.995971 
0.996131 
0.996284 
0.996432 
0.996573 
0.996709 
0.99684 
0.996965 
0.997085 
0.997201 
0.997312 
0.997419 
0.997521 
0.997619 
0.997714 
0.997804 
0.997892 
0.997975 
0.998055 
0.998133 
0.998207 
0.998278 
0.998346 
0.998412 
0.998475 
0.998535 
0.998593 
0.998649 
0.998703 
0.998754 
0.998804 
0.998851 
0.998897 
0.99894 
0.998982 
0.999023 
0.999061 
0.999099 
0.999134 
0.999169 
0.999202 
0.999233 
0.999264 
0.999293 
0.999321 
0.999348 
0.999374 
0.999399 
0.999423 
0.999445 
0.999467 
0.999489 
0.999509 
0.999528 
0.999547 
0.999565 
0.999582 
0.999599 
0.999615 
0.99963 
0.999645 
0.999659 
0.999672 
0.999685 
0.999698 
0.99971 
0.999721 
0.999732 
0.999743 
0.999753 
0.999763 
0.999772 
0.999781 
0.99979 
0.999798 
0.999806 
0.999814 
0.999821 
0.999829 
0.999835 
0.999842 
0.999848 
0.999854 
0.99986 
0.999865 
0.999871 
0.999876 
0.999881 
0.999886 
0.99989 
0.999894 
0.999899 
0.999903 
0.999907 
0.99991 
0.999914 
0.999917 
0.999921 
0.999924 
0.999927 
0.99993 
0.999932 
0.999935 
0.999938 
0.99994 
0.999943 
0.999945 
0.999947 
0.999949 
0.999951 
0.999953 
0.999955 
0.999957 
0.999958 
0.99996 
0.999962 
0.999963 
0.999965 
0.999966 
0.999967 
0.999969 
0.99997 
0.999971 
0.999972 
0.999973 
0.999974 
0.999975 
0.999976 
0.999977 
0.999978 
0.999979 
0.99998 
0.999981 
0.999981 
0.999982 
0.999983 
0.999984 
0.999984 
0.999985 
0.999985 
0.999986 
0.999987 
0.999987 
0.999988 
0.999988 
0.999989 
0.999989 
0.999989 
0.99999 
0.99999 
0.999991 
0.999991 
0.999991 
0.999992 
0.999992 
0.999992 
0.999993 
0.999993 
0.999993 
0.999994 
0.999994 
0.999994 
0.999994 
0.999995 
0.999995 
0.999995 
0.999995 
0.999995 
0.999996 
0.999996 
0.999996 
0.999996 
0.999996 
0.999996 
0.999996 
0.999997 
0.999997 
0.999997 
0.999997 
0.999997 
0.999997 
0.999997 
0.999997 
0.999998 
0.999998 
0.999998 
0.999998 
0.999998 
0.999998 
0.999998 
0.999998 
0.999998 
0.999998 
0.999998 
0.999998 
0.999998 
0.999999 
0.999999 
0.999999 
0.999999 
0.999999 
0.999999 
0.999999 
0.999999 
0.999999 
0.999999 
0.999999 
0.999999 
0.999999 
0.999999 
0.999999 
0.999999 
0.999999 
0.999999 
0.999999 
0.999999 
0.999999 
0.999999 
0.999999 
0.999999 
0.999999 
0.999999 
0.999999 
1 
1 
1 
1 
1 
1 
1 
1 
1 
1 
1 
1 
1 
1 
1 
1 
1 
1 
1 
1 
1 
1 
1 
1 
1 
1 
1 
1 
1 
1 
1 
1 
1 
1 
1 
1 
1 
1 
1 
1 
1 
1 
1 
1 
1 
1 
1 
1 
1 
1 
1 
1 
1 
1 
1 
1 
1 
1 
1 
1 
1 
1 
1 
1 
1 
1 
1 
1 
1 
1 
1 
1 
1 
1 
1 
1 
1 
1 
1 
1 
1 
1 
1 
1 
1 
1 
1 
1 
1 
1 
1 
1 
1 
1 
1 
1 
1 
1 
1 
1 
1 
1 
1 
1 
1 
1 
1 
1 
1 
1 
1 
1 
1 
1 
1 
1 
1 
1 
1 
1 
1 
1 
1 
1 
1 
1 
1 
1 
1 
1 
1 
1 
1 
1 
1 
1 
1 
1 
1 
1 
1 
1 
1 
1 
1 
1 
1 
1 
1 
1 
1 
1 
1 
1 
1 
1 
1 
1 
1 
1 
1 
1 
1 
1 
1 
1 
1 
1 
1 
1 
1 
1 
1 
1 
1 
1 
1 
1 
1 
1 
1 
1 
1 
1 
1 
1 
1 
1 
1 
1 
1 
1 
1 
1 
1 
1 
1 
1 
1 
1 
1 
1 
1 
1 
1 
1 
1 
1 
1 
1 
1 
1 
1 
1 
1 
1 
1 
1 
1 
1 
1 
1 
1 
1 
1 
1 
1 
1 
1 
1 
1 
1 
1 
1 
1 
1 
1 
1 
1 
1 
1 
1 
1 
1 
1 
1 
1 
1 
1 
1 
1 
1 
1 
1 
1 
1 
1 
1 
1 
1 
1 
1 
1 
1 
1 
1 
1 
1 
1 
1 
1 
1 
1 
1 
1 
1 
1 
1 
1 
1 
1 
1 
1 
1 
1 
1 
1 
1 
1 
1 
1 
1 
1 
1 
1 
1 
1 
1 
1 
1 
1 
1 
1 
1 
1 
1 
1 
1 
1 
1 
1 
1 
1 
1 
1 
1 
1 
1 
1 
1 
1 
1 
1 
1 
1 
1 
1 
1 
1 
1 
1 
1 
1 
1 
1 
1 
1 
1 
1 
1 
1 
1 
1 
1 
1 
1 
1 
1 
1 
1 
1 
1 
1 
1 
1 
1 
1 
1 
1 
1 
1 
1 
1 
1 
1 
1 
1 
1 
1 
1 
1 
1 
1 
1 
1 
1 
1 
1 
1 
1 
1 
1 
1 
1 
1 
1 
1 
1 
1 
1 
1 
1 
1 
1 
1 
1 
1 
1 
1 
1 
1 
1 
1 
1 
1 
1 
1 
1 
1 
1 
1 
1 
1 
1 
1 
1 
1 
1 
1 
1 
1 
1 
1 
1 
1 
1 
1 
1 
1 
1 
1 
1 
1 
1 
1 
1 
1 
1 
1 
1 
1 
1 
1 
1 
1 
1 
1 
1 
1 
1 
1 
1 
1 
1 
1 
1 
1 
1 
1 
1 
1 
1 
1 
1 
1 
1 
1 
1 
1 
1 
1 
1 
1 
1 
1 
1 
1 
1 
1 
1 
1 
1 
1 
1 
1 
1 
1 
1 
1 
1 
1 
1 
1 
1 
1 
1 
1 
1 
1 
1 
1 
1 
1 
1 
1 
1 
1 
1 
1 
1 
1 
1 
1 
1 
1 
1 
1 
1 
1 
1 
1 
1 
1 
1 
1 
1 
1 
1 
1 
1 
1 
1 
1 
1 
1 
1 
1 
1 
1 
1 
1 
1 
1 
1 
1 
1 
1 
1 
1 
1 
1 
1 
1 
1 
1 
1 
1 
1 
1 
1 
1 
1 
1 
1 
1 
1 
1 
1 
1 
1 
1 
1 
1 
1 
1 
1 
1 
1 
1 
1 
1 
1 
1 
1 
1 
1 
1 
1 
1 
1 
1 
1 
1 
1 
1 
1 
1 
1 
1 
1 
1 
1 
1 
1 
1 
1 
1 
1 
1 
1 
1 
1 
1 
1 
1 
1 
1 
1 
1 
1 
1 
1 
1 
1 
1 
1 
1 
1 
1 
1 
1 
1 
1 
1 
1 
1 
1 
1 
1 
1 
1 
1 
1 
1 
1 
1 
1 
1 
1 
1 
1 
1 
1 
1 
1 
1 
1 
1 
1 
1 
1 
1 
1 
1 
1 
1 
1 
1 
1 
1 
1 
1 
1 
1 
1 
1 
1 
1 
1 
1 
1 
1 
1 
1 
1 
1 
1 
1 
1 
1 
1 
1 
1 
1 
1 
1 
1 
1 
1 
1 
1 
1 
1 
1 
1 
1 
1 
1 
1 
1 
1 
1 
1 
1 
1 
1 
1 
1 
1 
1 
1 
1 
1 
1 
1 
1 
1 
1 
1 
1 
1 
1 
1 
1 
1 
1 
1 
1 
1 
1 
1 
1 
1 
1 
1 
1 
1 
1 
1 
1 
1 
1 
1 
1 
1 
1 
1 
1 
1 
1 
1 
1 
1 
1 
1 
1 
1 
1 
1 
1 
1 
1 
1 
1 
1 
1 
1 
1 
1 
1 
1 
1 
1 
1 
1 
1 
1 
1 
1 
1 
1 
1 
1 
1 
1 
1 
1 
1 
1 
1 
1 
1 
1 
1 
1 
1 
1 
1 
1 
1 
1 
1 
1 
1 
1 
1 
1 
1 
1 
1 
1 
1 
1 
1 
1 
1 
1 
1 
1 
1 
1 
1 
1 
1 
1 
1 
1 
1 
1 
1 
1 
1 
1 
1 
1 
1 
1 
1 
1 
1 
1 
1 
1 
1 
1 
1 
1 
1 
1 
1 
1 
1 
1 
1 
1 
1 
1 
1 
1 
1 
1 
1 
1 
1 
1 
1 
1 
1 
1 
1 
1 
1 
1 
1 
1 
1 
1 
1 
1 
1 
1 
1 
1 
1 
1 
1 
1 
1 
1 
1 
1 
1 
1 
1 
1 
1 
1 
1 
1 
1 
1 
1 
1 
1 
1 
1 
1 
1 
1 
1 
1 
1 
1 
1 
1 
1 
1 
1 
1 
1 
1 
1 
1 
1 
1 
1 
1 
1 
1 
1 
1 
1 
1 
1 
1 
1 
1 
1 
1 
1 
1 
1 
1 
1 
1 
1 
1 
1 
1 
1 
1 
1 
1 
1 
1 
1 
1 
1 
1 
1 
1 
1 
1 
1 
1 
1 
1 
1 
1 
1 
1 
1 
1 
1 
1 
1 
1 
1 
1 
1 
1 
1 
1 
1 
1 
1 
1 
1 
1 
1 
1 
1 
1 
1 
1 
1 
1 
1 
1 
1 
1 
1 
1 
1 
1 
1 
1 
1 
1 
1 
1 
1 
1 
1 
1 
1 
1 
1 
1 
1 
1 
1 
1 
1 
1 
1 
1 
1 
1 
1 
1 
1 
1 
1 
1 
1 
1 
1 
1 
1 
1 
1 
1 
1 
1 
1 
1 
1 
1 
1 
1 
1 
1 
1 
1 
1 
1 
1 
1 
1 
1 
1 
1 
1 
1 
1 
1 
1 
1 
1 
1 
1 
1 
1 
1 
1 
1 
1 
1 
1 
1 
1 
1 
1 
1 
1 
1 
1 
1 
1 
1 
1 
1 
1 
1 
1 
1 
1 
1 
1 
1 
1 
1 
1 
1 
1 
1 
1 
1 
1 
1 
1 
1 
1 
1 
1 
1 
1 
1 
1 
1 
1 
1 
1 
1 
1 
1 
1 
1 
1 
1 
1 
1 
1 
1 
1 
1 
1 
1 
1 
1 
1 
1 
1 
1 
1 
1 
1 
1 
1 
1 
1 
1 
1 
1 
1 
1 
1 
1 
1 
1 
1 
1 
1 
1 
1 
1 
1 
1 
1 
1 
1 
1 
1 
1 
1 
1 
1 
1 
1 
1 
1 
1 
1 
1 
1 
1 
1 
1 
1 
1 
1 
1 
1 
1 
1 
1 
1 
1 
1 
1 
1 
1 
1 
1 
1 
1 
1 
1 
1 
1 
1 
1 
1 
1 
1 
1 
1 
1 
1 
1 
1 
1 
1 
1 
1 
1 
1 
1 
1 
1 
1 
1 
1 
1 
1 
1 
1 
1 
1 
1 
1 
1 
1 
1 
1 
1 
1 
1 
1 
1 
1 
1 
1 
1 
1 
1 
1 
1 
1 
1 
1 
1 
1 
1 
1 
1 
1 
1 
1 
1 
1 
1 
1 
1 
1 
1 
1 
1 
1 
1 
1 
1 
1 
1 
1 
1 
1 
1 
1 
1 
1 
1 
1 
1 
1 
1 
1 
1 
1 
1 
1 
1 
1 
1 
1 
1 
1 
1 
1 
1 
1 
1 
1 
1 
1 
1 
1 
1 
1 
1 
1 
1 
1 
1 
1 
1 
1 
1 
1 
1 
1 
1 
1 
1 
1 
1 
1 
1 
1 
1 
1 
1 
1 
1 
1 
1 
1 
1 
1 
1 
1 
1 
1 
1 
1 
1 
1 
1 
1 
1 
1 
1 
1 
1 
1 
1 
1 
1 
1 
1 
1 
1 
1 
1 
1 
1 
1 
1 
1 
1 
1 
1 
1 
1 
1 
1 
1 
1 
1 
1 
1 
1 
1 
1 
1 
1 
1 
1 
1 
1 
1 
1 
1 
1 
1 
1 
1 
1 
1 
1 
1 
1 
1 
1 
1 
1 
1 
1 
1 
1 
1 
1 
1 
1 
1 
1 
1 
1 
1 
1 
1 
1 
1 
1 
1 
1 
1 
1 
1 
1 
1 
1 
1 
1 
1 
1 
1 
1 
1 
1 
1 
1 
1 
1 
1 
1 
1 
1 
1 
1 
1 
1 
1 
1 
1 
1 
1 
1 
1 
1 
1 
1 
1 
1 
1 
1 
1 
1 
1 
1 
1 
1 
1 
1 
1 
1 
1 
1 
1 
1 
1 
1 
1 
1 
1 
1 
1 
1 
1 
1 
1 
1 
1 
1 
1 
1 
1 
1 
1 
1 
1 
1 
1 
1 
1 
1 
1 
1 
1 
1 
1 
1 
1 
1 
1 
1 
1 
1 
1 
1 
1 
1 
1 
1 
1 
1 
1 
1 
1 
1 
1 
1 
1 
1 
1 
1 
1 
1 
1 
1 
1 
1 
1 
1 
1 
1 
1 
1 
1 
1 
1 
1 
1 
1 
1 
1 
1 
1 
1 
1 
1 
1 
1 
1 
1 
1 
1 
1 
1 
1 
1 
1 
1 
1 
1 
1 
1 
1 
1 
1 
1 
1 
1 
1 
1 
1 
1 
1 
1 
1 
1 
1 
1 
1 
1 
1 
1 
1 
1 
1 
1 
1 
1 
1 
1 
1 
1 
1 
1 
1 
1 
1 
1 
1 
1 
1 
1 
1 
1 
1 
1 
1 
1 
1 
1 
1 
1 
1 
1 
1 
1 
1 
1 
1 
1 
1 
1 
1 
1 
1 
1 
1 
1 
1 
1 
1 
1 
1 
1 
1 
1 
1 
1 
1 
1 
1 
1 
1 
1 
1 
1 
1 
1 
1 
1 
1 
1 
1 
1 
1 
1 
1 
1 
1 
1 
1 
1 
1 
1 
1 
1 
1 
1 
1 
1 
1 
1 
1 
1 
1 
1 
1 
1 
1 
1 
1 
1 
1 
1 
1 
1 
1 
1 
1 
1 
1 
1 
1 
1 
1 
1 
1 
1 
1 
1 
1 
1 
1 
1 
1 
1 
1 
1 
1 
1 
1 
1 
1 
1 
1 
1 
1 
1 
1 
1 
1 
1 
1 
1 
1 
1 
1 
1 
1 
1 
1 
1 
1 
1 
1 
1 
1 
1 
1 
1 
1 
1 
1 
1 
1 
1 
1 
1 
1 
1 
1 
1 
1 
1 
1 
1 
1 
1 
1 
1 
1 
1 
1 
1 
1 
1 
1 
1 
1 
1 
1 
1 
1 
1 
1 
1 
1 
1 
1 
1 
1 
1 
1 
1 
1 
1 
1 
1 
1 
1 
1 
1 
1 
1 
1 
1 
1 
1 
1 
1 
1 
1 
1 
1 
1 
1 
1 
1 
1 
1 
1 
1 
1 
1 
1 
1 
1 
1 
1 
1 
1 
1 
1 
1 
1 
1 
1 
1 
1 
1 
1 
1 
1 
1 
1 
1 
1 
1 
1 
1 
1 
1 
1 
1 
1 
1 
1 
1 
1 
1 
1 
1 
1 
1 
1 
1 
1 
1 
1 
1 
1 
1 
1 
1 
1 
1 
1 
1 
1 
1 
1 
1 
1 
1 
1 
1 
1 
1 
1 
1 
1 
1 
1 
1 
1 
1 
1 
1 
1 
1 
1 
1 
1 
1 
1 
1 
1 
1 
1 
1 
1 
1 
1 
1 
1 
1 
1 
1 
1 
1 
1 
1 
1 
1 
1 
1 
1 
1 
1 
1 
1 
1 
1 
1 
1 
1 
1 
1 
1 
1 
1 
1 
1 
1 
1 
1 
1 
1 
1 
1 
1 
1 
1 
1 
1 
1 
1 
1 
1 
1 
1 
1 
1 
1 
1 
1 
1 
1 
1 
1 
1 
1 
1 
1 
1 
1 
1 
1 
1 
1 
1 
1 
1 
1 
1 
1 
1 
1 
1 
1 
1 
1 
1 
1 
1 
1 
1 
1 
1 
1 
1 
1 
1 
1 
1 
1 
1 
1 
1 
1 
1 
1 
1 
1 
1 
1 
1 
1 
1 
1 
1 
1 
1 
1 
1 
1 
1 
1 
1 
1 
1 
1 
1 
1 
1 
1 
1 
1 
1 
1 
1 
1 
1 
1 
1 
1 
1 
1 
1 
1 
1 
1 
1 
1 
1 
1 
1 
1 
1 
1 
1 
1 
1 
1 
1 
1 
1 
1 
1 
1 
1 
1 
1 
1 
1 
1 
1 
1 
1 
1 
1 
1 
1 
1 
1 
1 
1 
1 
1 
1 
1 
1 
1 
1 
1 
1 
1 
1 
1 
1 
1 
1 
1 
1 
1 
1 
1 
1 
1 
1 
1 
1 
1 
1 
1 
1 
1 
1 
1 
1 
1 
1 
1 
1 
1 
1 
1 
1 
1 
1 
1 
1 
1 
1 
1 
1 
1 
1 
1 
1 
1 
1 
1 
1 
1 
1 
1 
1 
1 
1 
1 
1 
1 
1 
1 
1 
1 
1 
1 
1 
1 
1 
1 
1 
1 
1 
1 
1 
1 
1 
1 
1 
1 
1 
1 
1 
1 
1 
1 
1 
1 
1 
1 
1 
1 
1 
1 
1 
1 
1 
1 
1 
1 
1 
1 
1 
1 
1 
1 
1 
1 
1 
1 
1 
1 
1 
1 
1 
1 
1 
1 
1 
1 
1 
1 
1 
1 
1 
1 
1 
1 
1 
1 
1 
1 
1 
1 
1 
1 
1 
1 
1 
1 
1 
1 
1 
1 
1 
1 
1 
1 
1 
1 
1 
1 
1 
1 
1 
1 
1 
1 
1 
1 
1 
1 
1 
1 
1 
1 
1 
1 
1 
1 
1 
1 
1 
1 
1 
1 
1 
1 
1 
1 
1 
1 
1 
1 
1 
1 
1 
1 
1 
1 
1 
1 
1 
1 
1 
1 
1 
1 
1 
1 
1 
1 
1 
1 
1 
1 
1 
1 
1 
1 
1 
1 
1 
1 
1 
1 
1 
1 
1 
1 
1 
1 
1 
1 
1 
1 
1 
1 
1 
1 
1 
1 
1 
1 
1 
1 
1 
1 
1 
1 
1 
1 
1 
1 
1 
1 
1 
1 
1 
1 
1 
1 
1 
1 
1 
1 
1 
1 
1 
1 
1 
1 
1 
1 
1 
1 
1 
1 
1 
1 
1 
1 
1 
1 
1 
1 
1 
1 
1 
1 
1 
1 
1 
1 
1 
1 
1 
1 
1 
1 
1 
1 
1 
1 
1 
1 
1 
1 
1 
1 
1 
1 
1 
1 
1 
1 
1 
1 
1 
1 
1 
1 
1 
1 
1 
1 
1 
1 
1 
1 
1 
1 
1 
1 
1 
1 
1 
1 
1 
1 
1 
1 
1 
1 
1 
1 
1 
1 
1 
1 
1 
1 
1 
1 
1 
1 
1 
1 
1 
1 
1 
1 
1 
1 
1 
1 
1 
1 
1 
1 
1 
1 
1 
1 
1 
1 
1 
1 
1 
1 
1 
1 
1 
1 
1 
1 
1 
1 
1 
1 
1 
1 
1 
1 
1 
1 
1 
1 
1 
1 
1 
1 
1 
1 
1 
1 
1 
1 
1 
1 
1 
1 
1 
1 
1 
1 
1 
1 
1 
1 
1 
1 
1 
1 
1 
1 
1 
1 
1 
1 
1 
1 
1 
1 
1 
1 
1 
1 
1 
1 
1 
1 
1 
1 
1 
1 
1 
1 
1 
1 
1 
1 
1 
1 
1 
1 
1 
1 
1 
1 
1 
1 
1 
1 
1 
1 
1 
1 
1 
1 
1 
1 
1 
1 
1 
1 
1 
1 
1 
1 
1 
1 
1 
1 
1 
1 
1 
1 
1 
1 
1 
1 
1 
1 
1 
1 
1 
1 
1 
1 
1 
1 
1 
1 
1 
1 
1 
1 
1 
1 
1 
1 
1 
1 
1 
1 
1 
1 
1 
1 
1 
1 
1 
1 
1 
1 
1 
1 
1 
1 
1 
1 
1 
1 
1 
1 
1 
1 
1 
1 
1 
1 
1 
1 
1 
1 
1 
1 
1 
1 
1 
1 
1 
1 
1 
1 
1 
1 
1 
1 
1 
1 
1 
1 
1 
1 
1 
1 
1 
1 
1 
1 
1 
1 
1 
1 
1 
1 
1 
1 
1 
1 
1 
1 
1 
1 
1 
1 
1 
1 
1 
1 
1 
1 
1 
1 
1 
1 
1 
1 
1 
1 
1 
1 
1 
1 
1 
1 
1 
1 
1 
1 
1 
1 
1 
1 
1 
1 
1 
1 
1 
1 
1 
1 
1 
1 
1 
1 
1 
1 
1 
1 
1 
1 
1 
1 
1 
1 
1 
1 
1 
1 
1 
1 
1 
1 
1 
1 
1 
1 
1 
1 
1 
1 
1 
1 
1 
1 
1 
1 
1 
1 
1 
1 
1 
1 
1 
1 
1 
1 
1 
1 
1 
1 
1 
1 
1 
1 
1 
1 
1 
1 
1 
1 
1 
1 
1 
1 
1 
1 
1 
1 
1 
1 
1 
1 
1 
1 
1 
1 
1 
1 
1 
1 
1 
1 
1 
1 
1 
1 
1 
1 
1 
1 
1 
1 
1 
1 
1 
1 
1 
1 
1 
1 
1 
1 
1 
1 
1 
1 
1 
1 
1 
1 
1 
1 
1 
1 
1 
1 
1 
1 
1 
1 
1 
1 
1 
1 
1 
1 
1 
1 
1 
1 
1 
1 
1 
1 
1 
1 
1 
1 
1 
1 
1 
1 
1 
1 
1 
1 
1 
1 
1 
1 
1 
1 
1 
1 
1 
1 
1 
1 
1 
1 
1 
1 
1 
1 
1 
1 
1 
1 
1 
1 
1 
1 
1 
1 
1 
1 
1 
1 
1 
1 
1 
1 
1 
1 
1 
1 
1 
1 
1 
1 
1 
1 
1 
1 
1 
1 
1 
1 
1 
1 
1 
1 
1 
1 
1 
1 
1 
1 
1 
1 
1 
1 
1 
1 
1 
1 
1 
1 
1 
1 
1 
1 
1 
1 
1 
1 
1 
1 
1 
1 
1 
1 
1 
1 
1 
1 
1 
1 
1 
1 
1 
1 
1 
1 
1 
1 
1 
1 
1 
1 
1 
1 
1 
1 
1 
1 
1 
1 
1 
1 
1 
1 
1 
1 
1 
1 
1 
1 
1 
1 
1 
1 
1 
1 
1 
1 
1 
1 
1 
1 
1 
1 
1 
1 
1 
1 
1 
1 
1 
1 
1 
1 
1 
1 
1 
1 
1 
1 
1 
1 
1 
1 
1 
1 
1 
1 
1 
1 
1 
1 
1 
1 
1 
1 
1 
1 
1 
1 
1 
1 
1 
1 
1 
1 
1 
1 
1 
1 
1 
1 
1 
1 
1 
1 
1 
1 
1 
1 
1 
1 
1 
1 
1 
1 
1 
1 
1 
1 
1 
1 
1 
1 
1 
1 
1 
1 
1 
1 
1 
1 
1 
1 
1 
1 
1 
1 
1 
1 
1 
1 
1 
1 
1 
1 
1 
1 
1 
1 
1 
1 
1 
1 
1 
1 
1 
1 
1 
1 
1 
1 
1 
1 
1 
1 
1 
1 
1 
1 
1 
1 
1 
1 
1 
1 
1 
1 
1 
1 
1 
1 
1 
1 
1 
1 
1 
1 
1 
1 
1 
1 
1 
1 
1 
1 
1 
1 
1 
1 
1 
1 
1 
1 
1 
1 
1 
1 
1 
1 
1 
1 
1 
1 
1 
1 
1 
1 
1 
1 
1 
1 
1 
1 
1 
1 
1 
1 
1 
1 
1 
1 
1 
1 
1 
1 
1 
1 
1 
1 
1 
1 
1 
1 
1 
1 
1 
1 
1 
1 
1 
1 
1 
1 
1 
1 
1 
1 
1 
1 
1 
1 
1 
1 
1 
1 
1 
1 
1 
1 
1 
1 
1 
1 
1 
1 
1 
1 
1 
1 
1 
1 
1 
1 
1 
1 
1 
1 
1 
1 
1 
1 
1 
1 
1 
1 
1 
1 
1 
1 
1 
1 
1 
1 
1 
1 
1 
1 
1 
1 
1 
1 
1 
1 
1 
1 
1 
1 
1 
1 
1 
1 
1 
1 
1 
1 
1 
1 
1 
1 
1 
1 
1 
1 
1 
1 
1 
1 
1 
1 
1 
1 
1 
1 
1 
1 
1 
1 
1 
1 
1 
1 
1 
1 
1 
1 
1 
1 
1 
1 
1 
1 
1 
1 
1 
1 
1 
1 
1 
1 
1 
1 
1 
1 
1 
1 
1 
1 
1 
1 
1 
1 
1 
1 
1 
1 
1 
1 
1 
1 
1 
1 
1 
1 
1 
1 
1 
1 
1 
1 
1 
1 
1 
1 
1 
1 
1 
1 
1 
1 
1 
1 
1 
1 
1 
1 
1 
1 
1 
1 
1 
1 
1 
1 
1 
1 
1 
1 
1 
1 
1 
1 
1 
1 
1 
1 
1 
1 
1 
1 
1 
1 
1 
1 
1 
1 
1 
1 
1 
1 
1 
1 
1 
1 
1 
1 
1 
1 
1 
1 
1 
1 
1 
1 
1 
1 
1 
1 
1 
1 
1 
1 
1 
1 
1 
1 
1 
1 
1 
1 
1 
1 
1 
1 
1 
1 
1 
1 
1 
1 
1 
1 
1 
1 
1 
1 
1 
1 
1 
1 
1 
1 
1 
1 
1 
1 
1 
1 
1 
1 
1 
1 
1 
1 
1 
1 
1 
1 
1 
1 
1 
1 
1 
1 
1 
1 
1 
1 
1 
1 
1 
1 
1 
1 
1 
1 
1 
1 
1 
1 
1 
1 
1 
1 
1 
1 
1 
1 
1 
1 
1 
1 
1 
1 
1 
1 
1 
1 
1 
1 
1 
1 
1 
1 
1 
1 
1 
1 
1 
1 
1 
1 
1 
1 
1 
1 
1 
1 
1 
1 
1 
1 
1 
1 
1 
1 
1 
1 
1 
1 
1 
1 
1 
1 
1 
1 
1 
1 
1 
1 
1 
1 
1 
1 
1 
1 
1 
1 
1 
1 
1 
1 
1 
1 
1 
1 
1 
1 
1 
1 
1 
1 
1 
1 
1 
1 
1 
1 
1 
1 
1 
1 
1 
1 
1 
1 
1 
1 
1 
1 
1 
1 
1 
1 
1 
1 
1 
1 
1 
1 
1 
1 
1 
1 
1 
1 
1 
1 
1 
1 
1 
1 
1 
1 
1 
1 
1 
1 
1 
1 
1 
1 
1 
1 
1 
1 
1 
1 
1 
1 
1 
1 
1 
1 
1 
1 
1 
1 
1 
1 
1 
1 
1 
1 
1 
1 
1 
1 
1 
1 
1 
1 
1 
1 
1 
1 
1 
1 
1 
1 
1 
1 
1 
1 
1 
1 
1 
1 
1 
1 
1 
1 
1 
1 
1 
1 
1 
1 
1 
1 
1 
1 
1 
1 
1 
1 
1 
1 
1 
1 
1 
1 
1 
1 
1 
1 
1 
1 
1 
1 
1 
1 
1 
1 
1 
1 
1 
1 
1 
1 
1 
1 
1 
1 
1 
1 
1 
1 
1 
1 
1 
1 
1 
1 
1 
1 
1 
1 
1 
1 
1 
1 
1 
1 
1 
1 
1 
1 
1 
1 
1 
