1.0 1000
0.000000	
402.230990	
641.875810	
870.382900	
1064.479800	
1234.484400	
1399.884800	
1571.087900	
1748.470200	
1928.710200	
2108.741900	
2284.587700	
2450.285700	
2601.572900	
2736.567600	
2849.723500	
2932.754700	
2985.573800	
3017.128000	
3032.488700	
3029.618700	
3010.244400	
2982.750300	
2953.217300	
2922.263800	
2890.155900	
2857.661600	
2821.810100	
2776.540400	
2719.837500	
2657.683500	
2599.099500	
2548.874000	
2505.326200	
2462.046900	
2411.702300	
2352.153400	
2290.120200	
2235.879100	
2193.397500	
2158.237300	
2124.611400	
2090.251000	
2054.945100	
2019.375300	
1985.314300	
1953.267800	
1920.940500	
1886.470100	
1851.310600	
1832.587642	
1804.617827	
1777.372901	
1750.518947	
1723.972952	
1697.665951	
1671.560021	
1645.670591	
1620.075016	
1594.784066	
1569.814661	
1545.184081	
1520.908337	
1497.001215	
1473.474051	
1450.336054	
1427.594734	
1405.255952	
1383.324050	
1361.802023	
1340.691672	
1319.993758	
1299.708139	
1279.833887	
1260.369400	
1241.312500	
1222.660510	
1204.410327	
1186.558487	
1169.101211	
1152.034457	
1135.353956	
1119.055250	
1103.133721	
1087.584617	
1072.403063	
1057.584076	
1043.122561	
1029.013295	
1015.250908	
1001.829838	
988.744286	
975.988151	
963.554964	
951.437812	
939.629262	
928.121292	
916.905230	
905.971706	
895.310625	
884.911167	
874.761806	
864.850365	
855.164099	
845.689798	
836.413929	
827.322785	
818.402660	
809.640029	
801.021733	
792.535160	
784.168416	
775.910480	
767.751336	
759.682088	
751.695036	
743.783729	
735.942991	
728.168909	
720.458808	
712.811189	
705.225653	
697.702813	
690.244179	
682.852050	
675.529388	
668.279696	
661.106892	
654.015187	
647.008966	
640.092671	
633.270693	
626.547266	
619.926373	
613.411647	
607.006295	
600.713015	
594.533932	
588.470533	
582.523625	
576.693292	
570.978871	
565.378945	
559.891341	
554.513152	
549.240774	
544.069951	
538.995847	
534.013124	
529.116034	
524.298522	
519.554343	
514.877172	
510.260728	
505.698893	
501.185823	
496.716061	
492.284629	
487.887118	
483.519753	
479.179454	
474.863867	
470.571387	
466.301157	
462.053054	
457.827656	
453.626194	
449.450498	
445.302918	
441.186255	
437.103665	
433.058580	
429.054609	
425.095453	
421.184810	
417.326300	
413.523377	
409.779263	
406.096880	
402.478797	
398.927184	
395.443771	
392.029823	
388.686122	
385.412954	
382.210112	
379.076902	
376.012156	
373.014257	
370.081163	
367.210442	
364.399309	
361.644668	
358.943159	
356.291202	
353.685048	
351.120832	
348.594626	
346.102492	
343.640532	
341.204949	
338.792095	
336.398524	
334.021043	
331.656757	
329.303114	
326.957945	
324.619496	
322.286456	
319.957975	
317.633678	
315.313667	
312.998511	
310.689230	
308.387271	
306.094463	
303.812977	
301.545268	
299.294014	
297.062044	
294.852269	
292.667609	
290.510911	
288.384880	
286.292008	
284.234509	
282.214258	
280.232744	
278.291026	
276.389703	
274.528896	
272.708231	
270.926847	
269.183399	
267.476086	
265.802670	
264.160520	
262.546651	
260.957776	
259.390356	
257.840663	
256.304836	
254.778950	
253.259076	
251.741346	
250.222022	
248.697554	
247.164642	
245.620292	
244.061871	
242.487151	
240.894348	
239.282156	
237.649767	
235.996890	
234.323746	
232.631069	
230.920082	
229.192473	
227.450353	
225.696215	
223.932875	
222.163415	
220.391117	
218.619400	
216.851751	
215.091661	
213.342567	
211.607791	
209.890500	
208.193657	
206.519997	
204.872002	
203.251886	
201.661594	
200.102806	
198.576943	
197.085190	
195.628509	
194.207663	
192.823242	
191.475676	
190.165265	
188.892181	
187.656491	
186.458151	
185.297014	
184.172818	
183.085181	
182.033580	
181.017342	
180.035619	
179.087371	
178.171351	
177.286092	
176.429898	
175.600841	
174.796766	
174.015306	
173.253902	
172.509829	
171.780238	
171.062192	
170.352718	
169.648854	
168.947706	
168.246494	
167.542604	
166.833632	
166.117422	
165.392098	
164.656086	
163.908123	
163.147271	
162.372903	
161.584694	
160.782603	
159.966846	
159.137865	
158.296299	
157.442954	
156.578766	
155.704776	
154.822104	
153.931928	
153.035471	
152.133982	
151.228736	
150.321029	
149.412179	
148.503523	
147.596426	
146.692280	
145.792504	
144.898540	
144.011849	
143.133898	
142.266145	
141.410018	
140.566891	
139.738056	
138.924695	
138.127844	
137.348371	
136.586942	
135.843996	
135.119733	
134.414094	
133.726759	
133.057153	
132.404452	
131.767603	
131.145355	
130.536283	
129.938835	
129.351366	
128.772184	
128.199593	
127.631933	
127.067619	
126.505176	
125.943269	
125.380725	
124.816552	
124.249952	
123.680328	
123.107285	
122.530630	
121.950367	
121.366688	
120.779966	
120.190743	
119.599721	
119.007745	
118.415790	
117.824949	
117.236413	
116.651448	
116.071382	
115.497569	
114.931368	
114.374110	
113.827064	
113.291404	
112.768174	
112.258249	
111.762310	
111.280810	
110.813951	
110.361670	
109.923626	
109.499200	
109.087504	
108.687396	
108.297507	
107.916273	
107.541977	
107.172792	
106.806833	
106.442204	
106.077051	
105.709609	
105.338249	
104.961514	
104.578151	
104.187140	
103.787708	
103.379341	
102.961782	
102.535030	
102.099323	
101.655122	
101.203090	
100.744063	
100.279022	
99.809064	
99.335369	
98.859167	
98.381712	
97.904245	
97.427968	
96.954018	
96.483435	
96.017144	
95.555930	
95.100416	
94.651055	
94.208109	
93.771650	
93.341552	
92.917497	
92.498987	
92.085360	
91.675815	
91.269442	
90.865265	
90.462282	
90.059512	
89.656052	
89.251123	
88.844127	
88.434690	
88.022703	
87.608363	
87.192185	
86.775024	
86.358064	
85.942807	
85.531042	
85.124796	
84.726281	
84.337826	
83.961794	
83.600505	
83.256149	
82.930696	
82.625819	
82.342820	
82.082559	
81.845413	
81.631232	
81.439324	
81.268454	
81.116860	
80.982287	
80.862041	
80.753053	
80.651957	
80.555178	
80.459026	
80.359792	
80.253843	
80.137719	
80.008211	
79.862442	
79.697929	
79.512633	
79.304998	
79.073967	
78.818991	
78.540021	
78.237489	
77.912270	
77.565648	
77.199261	
76.815054	
76.415213	
76.002115	
75.578269	
75.146257	
74.708686	
74.268141	
73.827140	
73.388096	
72.953285	
72.524823	
72.104634	
71.694441	
71.295744	
70.909815	
70.537689	
70.180159	
69.837780	
69.510869	
69.199509	
68.903567	
68.622701	
68.356376	
68.103890	
67.864392	
67.636909	
67.420375	
67.213658	
67.015591	
66.825003	
66.640741	
66.461703	
66.286854	
66.115247	
65.946034	
65.778476	
65.611942	
65.445905	
65.279933	
65.113675	
64.946841	
64.779179	
64.610456	
64.440427	
64.268819	
64.095306	
63.919494	
63.740911	
63.559001	
63.373125	
63.182570	
62.986564	
62.784300	
62.574964	
62.357765	
62.131973	
61.896955	
61.652214	
61.397421	
61.132446	
60.857385	
60.572573	
60.278599	
59.976302	
59.666762	
59.351283	
59.031365	
58.708665	
58.384963	
58.062108	
57.741973	
57.426399	
57.117154	
56.815878	
56.524043	
56.242919	
55.973541	
55.716689	
55.472872	
55.242326	
55.025011	
54.820627	
54.628621	
54.448215	
54.278427	
54.118101	
53.965939	
53.820528	
53.680377	
53.543948	
53.409685	
53.276048	
53.141540	
53.004734	
52.864299	
52.719026	
52.567846	
52.409850	
52.244308	
52.070680	
51.888624	
51.698008	
51.498903	
51.291590	
51.076544	
50.854426	
50.626065	
50.392434	
50.154630	
49.913837	
49.671302	
49.428297	
49.186085	
48.945891	
48.708863	
48.476047	
48.248362	
48.026571	
47.811272	
47.602880	
47.401623	
47.207538	
47.020482	
46.840134	
46.666012	
46.497496	
46.333842	
46.174216	
46.017712	
45.863390	
45.710296	
45.557498	
45.404109	
45.249315	
45.092398	
44.932756	
44.769921	
44.603572	
44.433540	
44.259817	
44.082556	
43.902058	
43.718772	
43.533274	
43.346256	
43.158497	
42.970847	
42.784197	
42.599454	
42.417514	
42.239235	
42.065412	
41.896755	
41.733870	
41.577240	
41.427217	
41.284013	
41.147699	
41.018208	
40.895339	
40.778773	
40.668084	
40.562761	
40.462222	
40.365837	
40.272950	
40.182892	
40.095003	
40.008641	
39.923197	
39.838096	
39.752807	
39.666836	
39.579729	
39.491066	
39.400452	
39.307515	
39.211900	
39.113266	
39.011285	
38.905642	
38.796047	
38.682235	
38.563985	
38.441131	
38.313576	
38.181309	
38.044419	
37.903107	
37.757698	
37.608642	
37.456517	
37.302021	
37.145964	
36.989246	
36.832838	
36.677754	
36.525020	
36.375641	
36.230568	
36.090667	
35.956684	
35.829223	
35.708723	
35.595438	
35.489436	
35.390588	
35.298582	
35.212928	
35.132982	
35.057971	
34.987017	
34.919175	
34.853467	
34.788915	
34.724578	
34.659584	
34.593156	
34.524642	
34.453529	
34.379461	
34.302243	
34.221845	
34.138397	
34.052176	
33.963595	
33.873181	
33.781552	
33.689391	
33.597419	
33.506365	
33.416942	
33.329814	
33.245574	
33.164720	
33.087635	
33.014569	
32.945626	
32.880759	
32.819764	
32.762280	
32.707795	
32.655661	
32.605103	
32.555241	
32.505115	
32.453709	
32.399980	
32.342888	
32.281428	
32.214658	
32.141733	
32.061922	
31.974638	
31.879454	
31.776112	
31.664533	
31.544817	
31.417236	
31.282223	
31.140355	
30.992333	
30.838954	
30.681087	
30.519643	
30.355544	
30.189700	
30.022985	
29.856210	
29.690114	
29.525344	
29.362455	
29.201904	
29.044053	
28.889180	
28.737484	
28.589102	
28.444122	
28.302603	
28.164584	
28.030104	
27.899212	
27.771976	
27.648489	
27.528871	
27.413269	
27.301850	
27.194791	
27.092272	
26.994458	
26.901485	
26.813444	
26.730368	
26.652217	
26.578866	
26.510100	
26.445606	
26.384977	
26.327714	
26.273236	
26.220894	
26.169987	
26.119779	
26.069527	
26.018497	
25.965990	
25.911364	
25.854048	
25.793566	
25.729541	
25.661706	
25.589909	
25.514107	
25.434361	
25.350828	
25.263746	
25.173414	
25.080180	
24.984421	
24.886519	
24.786853	
24.685776	
24.583607	
24.480617	
24.377025	
24.272995	
24.168630	
24.063980	
23.959038	
23.853755	
23.748037	
23.641759	
23.534768	
23.426893	
23.317950	
23.207749	
23.096101	
22.982819	
22.867729	
22.750670	
22.631502	
22.510110	
22.386413	
22.260363	
22.131961	
22.001257	
21.868360	
21.733445	
21.596755	
21.458607	
21.319395	
21.179587	
21.039724	
20.900411	
20.762311	
20.626129	
20.492599	
20.362468	
20.236475	
20.115332	
19.999703	
19.890186	
19.787295	
19.691442	
19.602925	
19.521918	
19.448464	
19.382471	
19.323713	
19.271835	
19.226360	
19.186698	
19.152157	
19.121964	
19.095273	
19.071186	
19.048769	
19.027069	
19.005134	
18.982023	
18.956829	
18.928690	
18.896805	
18.860445	
18.818966	
18.771820	
18.718568	
18.658881	
18.592551	
18.519498	
18.439769	
18.353539	
18.261113	
18.162918	
18.059498	
17.951504	
17.839684	
17.724865	
17.607939	
17.489844	
17.371545	
17.254010	
17.138194	
17.025014	
16.915332	
16.809939	
16.709533	
16.614713	
16.525965	
16.443655	
16.368029	
16.299210	
16.237204	
16.181906	
16.133110	
16.090519	
16.053765	
16.022417	
15.996003	
15.974023	
15.955968	
15.941335	
15.929638	
15.920424	
15.913282	
15.907849	
15.903817	
15.900934	
15.899006	
15.897891	
15.897495	
15.897765	
15.898682	
15.900246	
15.902469	
15.905361	
15.908922	
15.913130	
15.917930	
15.923231	
15.928900	
15.934756	
15.940573	
15.946080	
15.950966	
15.954888	
15.957477	
15.958349	
15.957116	
15.953396	
15.946826	
15.937071	
15.923835	
15.906868	
15.885973	
15.861008	
15.831894	
15.798610	
15.761192	
15.719730	
15.674362	
15.625264	
15.572648	
15.516744	
15.457797	
15.396053	
15.331748	
15.265100	
15.196299	
15.125498	
15.052801	
14.978262	
14.901872	
14.823561	
14.743186	
14.660533	
14.575315	
14.487168	
14.395655	
14.300263	
14.200407	
14.095431	
13.984612	
13.867158	
13.742216	
13.608872	
13.466150	
13.313019	
13.148390	
12.971122	
12.780020	
12.573842	
12.351303	
12.111083	
11.851833	
11.572196	
11.270817	
10.946371	
10.597587	
10.223278	
9.822376	
9.393974	
8.937377	
8.452115	
7.937958	
7.394984	
6.823720	
6.225370	
5.602494	
4.951330	
4.274605	
3.581163	
2.885229	
2.204497	
1.583193	
