0.6866391159 
0.686639 
0.773003 
0.969961 
0.117047 
-0.015595 
-0.0539455 
-0.0746963 
-0.0917615 
-0.108541 
-0.126013 
-0.144389 
-0.163504 
-0.182897 
-0.201802 
-0.219101 
-0.233299 
-0.242539 
-0.244667 
-0.237376 
-0.218372 
-0.185543 
-0.137049 
-0.0713616 
0.0126913 
0.11579 
0.237863 
0.377843 
0.533865 
0.704433 
0.890852 
1.10045 
1.34792 
1.63642 
1.80367 
1.39234 
0.935032 
0.667844 
0.525677 
0.454591 
0.42788 
0.433525 
0.466846 
0.527001 
0.615241 
0.733944 
0.885982 
1.0743 
1.30173 
1.57064 
1.88114 
2.22113 
2.53125 
2.64478 
2.41203 
2.01966 
1.69533 
1.4913 
1.38999 
1.36868 
1.41246 
1.51347 
1.66823 
1.87539 
2.13356 
2.43862 
2.77876 
3.12427 
3.41119 
3.53939 
3.44076 
3.17772 
2.8878 
2.66236 
2.5298 
2.48836 
2.52838 
2.64023 
2.81513 
3.04342 
3.31132 
3.59627 
3.86149 
4.0546 
4.12204 
4.04467 
3.8626 
3.64959 
3.46752 
3.34865 
3.30228 
3.32571 
3.41085 
3.54634 
3.71713 
3.90305 
4.07752 
4.20926 
4.26966 
4.24584 
4.15021 
4.01617 
3.8818 
3.77602 
3.71452 
3.70192 
3.73543 
3.8072 
3.90559 
4.01549 
4.11909 
4.19783 
4.2365 
4.22834 
4.17833 
4.10182 
4.01867 
3.9469 
3.89881 
3.88029 
3.89156 
3.92851 
3.98362 
4.04704 
4.10752 
4.15415 
4.1785 
4.17671 
4.15094 
4.10857 
4.05992 
4.01537 
3.98299 
3.96749 
3.97006 
3.9888 
4.01935 
4.05573 
4.09109 
4.11898 
4.13449 
4.13532 
4.1223 
4.09914 
4.07126 
4.04455 
4.02398 
4.0128 
4.01223 
4.02155 
4.03832 
4.05907 
4.07976 
4.09653 
4.10649 
4.10814 
4.10177 
4.08919 
4.07336 
4.05758 
4.04485 
4.03731 
4.03588 
4.04036 
4.0495 
4.06128 
4.07334 
4.08345 
4.08981 
4.09145 
4.08843 
4.08169 
4.07277 
4.06355 
4.05581 
4.05087 
4.04941 
4.05144 
4.05635 
4.063 
4.07004 
4.07611 
4.08014 
4.08152 
4.08017 
4.07657 
4.07158 
4.06623 
4.06157 
4.0584 
4.05721 
4.05807 
4.06066 
4.06439 
4.06846 
4.07209 
4.07463 
4.07568 
4.07515 
4.07326 
4.07048 
4.06739 
4.0646 
4.0626 
4.06171 
4.06202 
4.06337 
4.06544 
4.06778 
4.06995 
4.07153 
4.07228 
4.07212 
4.07115 
4.06961 
4.06783 
4.06617 
4.06493 
4.06431 
4.06437 
4.06506 
4.0662 
4.06755 
4.06883 
4.06981 
4.07032 
4.07032 
4.06983 
4.06898 
4.06797 
4.06698 
4.06622 
4.0658 
4.06577 
4.06611 
4.06674 
4.0675 
4.06825 
4.06885 
4.0692 
4.06925 
4.06901 
4.06855 
4.06797 
4.06739 
4.06692 
4.06664 
4.06659 
4.06676 
4.06709 
4.06753 
4.06797 
4.06833 
4.06856 
4.06862 
4.0685 
4.06825 
4.06793 
4.06759 
4.06731 
4.06713 
4.06707 
4.06715 
4.06733 
4.06758 
4.06783 
4.06805 
4.0682 
4.06825 
4.0682 
4.06806 
4.06788 
4.06769 
4.06751 
4.0674 
4.06736 
4.06739 
4.06748 
4.06762 
4.06777 
4.0679 
4.06799 
4.06803 
4.06801 
4.06794 
4.06784 
4.06773 
4.06762 
4.06755 
4.06752 
4.06753 
4.06758 
4.06766 
4.06774 
4.06782 
4.06788 
4.06791 
4.0679 
4.06786 
4.06781 
4.06774 
4.06768 
4.06764 
4.06761 
4.06762 
4.06764 
4.06768 
4.06773 
4.06778 
4.06782 
4.06783 
4.06783 
4.06782 
4.06779 
4.06775 
4.06771 
4.06768 
4.06767 
4.06767 
4.06768 
4.0677 
4.06773 
4.06776 
4.06778 
4.06779 
4.0678 
4.06779 
4.06777 
4.06775 
4.06773 
4.06771 
4.0677 
4.0677 
4.0677 
4.06772 
4.06773 
4.06775 
4.06776 
4.06777 
4.06777 
4.06777 
4.06776 
4.06775 
4.06773 
4.06772 
4.06772 
4.06772 
4.06772 
4.06773 
4.06773 
4.06774 
4.06775 
4.06776 
4.06776 
4.06776 
4.06775 
4.06775 
4.06774 
4.06773 
4.06773 
4.06773 
4.06773 
4.06773 
4.06774 
4.06774 
4.06775 
4.06775 
4.06775 
4.06775 
4.06775 
4.06774 
4.06774 
4.06774 
4.06773 
4.06773 
4.06773 
4.06773 
4.06774 
4.06774 
4.06774 
4.06775 
4.06775 
4.06775 
4.06774 
4.06774 
4.06774 
4.06774 
4.06774 
4.06774 
4.06774 
4.06774 
4.06774 
4.06774 
4.06774 
4.06774 
4.06774 
4.06774 
4.06774 
4.06774 
4.06774 
4.06774 
4.06774 
4.06774 
4.06774 
4.06774 
4.06774 
4.06774 
4.06774 
4.06774 
4.06774 
4.06774 
4.06774 
4.06774 
4.06774 
4.06774 
4.06774 
4.06774 
4.06774 
4.06774 
4.06774 
4.06774 
4.06774 
4.06774 
4.06774 
4.06774 
4.06774 
4.06774 
4.06774 
4.06774 
4.06774 
4.06774 
4.06774 
4.06774 
4.06774 
4.06774 
4.06774 
4.06774 
4.06774 
4.06774 
4.06774 
4.06774 
4.06774 
4.06774 
4.06774 
4.06774 
4.06774 
4.06774 
4.06774 
4.06774 
4.06774 
4.06774 
4.06774 
4.06774 
4.06774 
4.06774 
4.06774 
4.06774 
4.06774 
4.06774 
4.06774 
4.06774 
4.06774 
4.06774 
4.06774 
4.06774 
4.06774 
4.06774 
4.06774 
4.06774 
4.06774 
4.06774 
4.06774 
4.06774 
4.06774 
4.06774 
4.06774 
4.06774 
4.06774 
4.06774 
4.06774 
4.06774 
4.06774 
4.06774 
4.06774 
4.06774 
4.06774 
4.06774 
4.06774 
4.06774 
4.06774 
4.06774 
4.06774 
4.06774 
4.06774 
4.06774 
4.06774 
4.06774 
4.06774 
4.06774 
4.06774 
4.06774 
4.06774 
4.06774 
4.06774 
4.06774 
4.06774 
4.06774 
4.06774 
4.06774 
4.06774 
4.06774 
4.06774 
4.06774 
4.06774 
4.06774 
4.06774 
4.06774 
4.06774 
4.06774 
4.06774 
4.06774 
4.06774 
4.06774 
4.06774 
4.06774 
4.06774 
4.06774 
4.06774 
4.06774 
4.06774 
4.06774 
4.06774 
4.06774 
4.06774 
4.06774 
4.06774 
4.06774 
4.06774 
4.06774 
4.06774 
4.06774 
4.06774 
4.06774 
4.06774 
4.06774 
4.06774 
4.06774 
4.06774 
4.06774 
4.06774 
4.06774 
4.06774 
4.06774 
4.06774 
4.06774 
4.06774 
4.06774 
4.06774 
4.06774 
4.06774 
4.06774 
4.06774 
4.06774 
4.06774 
4.06774 
4.06774 
4.06774 
4.06774 
4.06774 
4.06774 
4.06774 
4.06774 
4.06774 
4.06774 
4.06774 
4.06774 
4.06774 
4.06774 
4.06774 
4.06774 
4.06774 
4.06774 
4.06774 
4.06774 
4.06774 
4.06774 
4.06774 
4.06774 
4.06774 
4.06774 
4.06774 
4.06774 
4.06774 
4.06774 
4.06774 
4.06774 
4.06774 
4.06774 
4.06774 
4.06774 
4.06774 
4.06774 
4.06774 
4.06774 
4.06774 
4.06774 
4.06774 
4.06774 
4.06774 
4.06774 
4.06774 
4.06774 
4.06774 
4.06774 
4.06774 
4.06774 
4.06774 
4.06774 
4.06774 
4.06774 
4.06774 
4.06774 
4.06774 
4.06774 
4.06774 
4.06774 
4.06774 
4.06774 
4.06774 
4.06774 
4.06774 
4.06774 
4.06774 
4.06774 
4.06774 
4.06774 
4.06774 
4.06774 
4.06774 
4.06774 
4.06774 
4.06774 
4.06774 
4.06774 
4.06774 
4.06774 
4.06774 
4.06774 
4.06774 
4.06774 
4.06774 
4.06774 
4.06774 
4.06774 
4.06774 
4.06774 
4.06774 
4.06774 
4.06774 
4.06774 
4.06774 
4.06774 
4.06774 
4.06774 
4.06774 
4.06774 
4.06774 
4.06774 
4.06774 
4.06774 
4.06774 
4.06774 
4.06774 
4.06774 
4.06774 
4.06774 
4.06774 
4.06774 
4.06774 
4.06774 
4.06774 
4.06774 
4.06774 
4.06774 
4.06774 
4.06774 
4.06774 
4.06774 
4.06774 
4.06774 
4.06774 
4.06774 
4.06774 
4.06774 
4.06774 
4.06774 
4.06774 
4.06774 
4.06774 
4.06774 
4.06774 
4.06774 
4.06774 
4.06774 
4.06774 
4.06774 
4.06774 
4.06774 
4.06774 
4.06774 
4.06774 
4.06774 
4.06774 
4.06774 
4.06774 
4.06774 
4.06774 
4.06774 
4.06774 
4.06774 
4.06774 
4.06774 
4.06774 
4.06774 
4.06774 
4.06774 
4.06774 
4.06774 
4.06774 
4.06774 
4.06774 
4.06774 
4.06774 
4.06774 
4.06774 
4.06774 
4.06774 
4.06774 
4.06774 
4.06774 
4.06774 
4.06774 
4.06774 
4.06774 
4.06774 
4.06774 
4.06774 
4.06774 
4.06774 
4.06774 
4.06774 
4.06774 
4.06774 
4.06774 
4.06774 
4.06774 
4.06774 
4.06774 
4.06774 
4.06774 
4.06774 
4.06774 
4.06774 
4.06774 
4.06774 
4.06774 
4.06774 
4.06774 
4.06774 
4.06774 
4.06774 
4.06774 
4.06774 
4.06774 
4.06774 
4.06774 
4.06774 
4.06774 
4.06774 
4.06774 
4.06774 
4.06774 
4.06774 
4.06774 
4.06774 
4.06774 
4.06774 
4.06774 
4.06774 
4.06774 
4.06774 
4.06774 
4.06774 
4.06774 
4.06774 
4.06774 
4.06774 
4.06774 
4.06774 
4.06774 
4.06774 
4.06774 
3.87102 
3.52542 
3.11886 
2.72497 
2.38172 
2.09971 
1.87589 
1.70249 
1.5713 
1.47519 
1.40856 
1.36724 
1.34826 
1.34967 
1.37032 
1.40973 
1.46795 
1.54547 
1.6431 
1.76182 
1.95779 
2.23104 
2.58472 
3.023 
3.5491 
4.16051 
4.83025 
5.44014 
5.65197 
5.11475 
4.20551 
3.45186 
2.97191 
2.71667 
2.62739 
2.66499 
2.80678 
3.03958 
3.35367 
3.73676 
4.16545 
4.59025 
4.91473 
5.00065 
4.77197 
4.33738 
3.89002 
3.54615 
3.33512 
3.24794 
3.26679 
3.37468 
3.5557 
3.79223 
4.06021 
4.32363 
4.53126 
4.62499 
4.56891 
4.38292 
4.13607 
3.90157 
3.72525 
3.62464 
3.60011 
3.64388 
3.74401 
3.8851 
4.04733 
4.20549 
4.33006 
4.39297 
4.37843 
4.29277 
4.16326 
4.02541 
3.90904 
3.83217 
3.80171 
3.81653 
3.87004 
3.95169 
4.0476 
4.14135 
4.21565 
4.25581 
4.25399 
4.21268 
4.14403 
4.06553 
3.99423 
3.9427 
3.91769 
3.92054 
3.94823 
3.99438 
4.05019 
4.10544 
4.14995 
4.17552 
4.17779 
4.15769 
4.12101 
4.07667 
4.03419 
4.00145 
3.98345 
3.98196 
3.9958 
4.02142 
4.05352 
4.08595 
4.11271 
4.12899 
4.1322 
4.12257 
4.10293 
4.07798 
4.05302 
4.03279 
4.0206 
4.01798 
4.02463 
4.0386 
4.05687 
4.07583 
4.0919 
4.10225 
4.10523 
4.1008 
4.09033 
4.07632 
4.06175 
4.04943 
4.0415 
4.03901 
4.04201 
4.04955 
4.05988 
4.07091 
4.08054 
4.08706 
4.08942 
4.08748 
4.08194 
4.07413 
4.0657 
4.05831 
4.05323 
4.05123 
4.05245 
4.05643 
4.06222 
4.06861 
4.07437 
4.07845 
4.0802 
4.07946 
4.07657 
4.07223 
4.06738 
4.06296 
4.05976 
4.0583 
4.05871 
4.06077 
4.06398 
4.06766 
4.07108 
4.07362 
4.07486 
4.07466 
4.07318 
4.07078 
4.068 
4.06537 
4.06339 
4.06237 
4.06243 
4.06348 
4.06525 
4.06735 
4.06937 
4.07094 
4.07178 
4.0718 
4.07106 
4.06975 
4.06816 
4.06661 
4.06539 
4.0647 
4.06463 
4.06515 
4.06612 
4.06731 
4.0685 
4.06946 
4.07002 
4.07011 
4.06975 
4.06904 
4.06814 
4.06723 
4.06648 
4.06603 
4.06593 
4.06618 
4.0667 
4.06738 
4.06807 
4.06865 
4.06902 
4.06912 
4.06895 
4.06857 
4.06806 
4.06753 
4.06708 
4.06678 
4.06669 
4.0668 
4.06708 
4.06746 
4.06787 
4.06822 
4.06845 
4.06853 
4.06846 
4.06826 
4.06797 
4.06767 
4.0674 
4.06721 
4.06714 
4.06718 
4.06733 
4.06754 
4.06778 
4.06799 
4.06813 
4.0682 
4.06817 
4.06806 
4.0679 
4.06773 
4.06756 
4.06745 
4.06739 
4.06741 
4.06749 
4.0676 
4.06774 
4.06786 
4.06796 
4.068 
4.06799 
4.06794 
4.06785 
4.06775 
4.06765 
4.06758 
4.06754 
4.06755 
4.06758 
4.06765 
4.06773 
4.0678 
4.06786 
4.06789 
4.06789 
4.06786 
4.06781 
4.06775 
4.0677 
4.06765 
4.06763 
4.06763 
4.06765 
4.06768 
4.06773 
4.06777 
4.0678 
4.06782 
4.06783 
4.06781 
4.06779 
4.06775 
4.06772 
4.06769 
4.06768 
4.06767 
4.06768 
4.0677 
4.06773 
4.06775 
4.06777 
4.06779 
4.06779 
4.06778 
4.06777 
4.06775 
4.06773 
4.06772 
4.0677 
4.0677 
4.06771 
4.06772 
4.06773 
4.06774 
4.06776 
4.06777 
4.06777 
4.06777 
4.06776 
4.06775 
4.06774 
4.06773 
4.06772 
4.06772 
4.06772 
4.06773 
4.06773 
4.06774 
4.06775 
4.06775 
4.06776 
4.06776 
4.06775 
4.06775 
4.06774 
4.06773 
4.06773 
4.06773 
4.06773 
4.06773 
4.06774 
4.06774 
4.06774 
4.06775 
4.06775 
4.06775 
4.06775 
4.06774 
4.06774 
4.06774 
4.06773 
4.06773 
4.06773 
4.06773 
4.06774 
4.06774 
4.06774 
4.06774 
4.06775 
4.06775 
4.06774 
4.06774 
4.06774 
4.06774 
4.06774 
4.06774 
4.06774 
4.06774 
4.06774 
4.06774 
4.06774 
4.06774 
4.06774 
4.06774 
4.06774 
4.06774 
4.06774 
4.06774 
4.06774 
4.06774 
4.06774 
4.06774 
4.06774 
4.06774 
4.06774 
4.06774 
4.06774 
4.06774 
4.06774 
4.06774 
4.06774 
4.06774 
4.06774 
4.06774 
4.06774 
4.06774 
4.06774 
4.06774 
4.06774 
4.06774 
4.06774 
4.06774 
4.06774 
4.06774 
4.06774 
4.06774 
4.06774 
4.06774 
4.06774 
4.06774 
4.06774 
4.06774 
4.06774 
4.06774 
4.06774 
4.06774 
4.06774 
4.06774 
4.06774 
4.06774 
4.06774 
4.06774 
4.06774 
4.06774 
4.06774 
4.06774 
4.06774 
4.06774 
4.06774 
4.06774 
4.06774 
4.06774 
4.06774 
4.06774 
4.06774 
4.06774 
4.06774 
4.06774 
4.06774 
4.06774 
4.06774 
4.06774 
4.06774 
4.06774 
4.06774 
4.06774 
4.06774 
4.06774 
4.06774 
4.06774 
4.06774 
4.06774 
4.06774 
4.06774 
4.06774 
4.06774 
4.06774 
4.06774 
4.06774 
4.06774 
4.06774 
4.06774 
4.06774 
4.06774 
4.06774 
4.06774 
4.06774 
4.06774 
4.06774 
4.06774 
4.06774 
4.06774 
4.06774 
4.06774 
4.06774 
4.06774 
4.06774 
4.06774 
4.06774 
4.06774 
4.06774 
4.06774 
4.06774 
4.06774 
4.06774 
4.06774 
4.06774 
4.06774 
4.06774 
4.06774 
4.06774 
4.06774 
4.06774 
4.06774 
4.06774 
4.06774 
4.06774 
4.06774 
4.06774 
4.06774 
4.06774 
4.06774 
4.06774 
4.06774 
4.06774 
4.06774 
4.06774 
4.06774 
4.06774 
4.06774 
4.06774 
4.06774 
4.06774 
4.06774 
4.06774 
4.06774 
4.06774 
4.06774 
4.06774 
4.06774 
4.06774 
4.06774 
4.06774 
4.06774 
4.06774 
4.06774 
4.06774 
4.06774 
4.06774 
4.06774 
4.06774 
4.06774 
4.06774 
4.06774 
4.06774 
4.06774 
4.06774 
4.06774 
4.06774 
4.06774 
4.06774 
4.06774 
4.06774 
4.06774 
4.06774 
4.06774 
4.06774 
4.06774 
4.06774 
4.06774 
4.06774 
4.06774 
4.06774 
4.06774 
4.06774 
4.06774 
4.06774 
4.06774 
4.06774 
4.06774 
4.06774 
4.06774 
4.06774 
4.06774 
4.06774 
4.06774 
4.06774 
4.06774 
4.06774 
4.06774 
4.06774 
4.06774 
4.06774 
4.06774 
4.06774 
4.06774 
4.06774 
4.06774 
4.06774 
4.06774 
4.06774 
4.06774 
4.06774 
4.06774 
4.06774 
4.06774 
4.06774 
4.06774 
4.06774 
4.06774 
4.06774 
4.06774 
4.06774 
4.06774 
4.06774 
4.06774 
4.06774 
4.06774 
4.06774 
4.06774 
4.06774 
4.06774 
4.06774 
4.06774 
4.06774 
4.06774 
4.06774 
4.06774 
4.06774 
4.06774 
4.06774 
4.06774 
4.06774 
4.06774 
4.06774 
4.06774 
4.06774 
4.06774 
4.06774 
4.06774 
4.06774 
4.06774 
4.06774 
4.06774 
4.06774 
4.06774 
4.06774 
4.06774 
4.06774 
4.06774 
4.06774 
4.06774 
4.06774 
4.06774 
4.06774 
4.06774 
4.06774 
4.06774 
4.06774 
4.06774 
4.06774 
4.06774 
4.06774 
4.06774 
4.06774 
4.06774 
4.06774 
4.06774 
4.06774 
4.06774 
4.06774 
4.06774 
4.06774 
4.06774 
4.06774 
4.06774 
4.06774 
4.06774 
4.06774 
4.06774 
4.06774 
4.06774 
4.06774 
4.06774 
4.06774 
4.06774 
4.06774 
4.06774 
4.06774 
4.06774 
4.06774 
4.06774 
4.06774 
4.06774 
4.06774 
4.06774 
4.06774 
4.06774 
4.06774 
4.06774 
4.06774 
4.06774 
4.06774 
4.06774 
4.06774 
4.06774 
4.06774 
4.06774 
4.06774 
4.06774 
4.06774 
4.06774 
4.06774 
4.06774 
4.06774 
4.06774 
4.06774 
4.06774 
4.06774 
4.06774 
4.06774 
4.06774 
4.06774 
4.06774 
4.06774 
4.06774 
4.06774 
4.06774 
4.06774 
4.06774 
4.06774 
4.06774 
4.06774 
4.06774 
4.06774 
4.06774 
4.06774 
4.06774 
4.06774 
4.06774 
4.06774 
4.06774 
4.06774 
4.06774 
4.06774 
4.06774 
4.06774 
4.06774 
4.06774 
4.06774 
4.06774 
4.06774 
4.06774 
4.06774 
4.06774 
4.06774 
4.06774 
4.06774 
4.06774 
4.06774 
4.06774 
4.06774 
4.06774 
4.06774 
4.06774 
4.06774 
4.06774 
4.06774 
4.06774 
4.06774 
4.06774 
4.06774 
4.06774 
4.06774 
4.06774 
4.06774 
4.06774 
4.06774 
4.06774 
4.06774 
4.06774 
4.06774 
4.06774 
4.06774 
4.06774 
4.06774 
4.06774 
4.06774 
4.06774 
4.06774 
4.06774 
4.06774 
4.06774 
4.06774 
4.06774 
4.06774 
4.06774 
4.06774 
4.06774 
4.06774 
4.06774 
4.06774 
4.06774 
4.06774 
4.06774 
4.06774 
4.06774 
4.06774 
4.06774 
4.06774 
4.06774 
4.06774 
4.06774 
4.06774 
4.06774 
4.06774 
4.06774 
4.06774 
4.06774 
4.06774 
4.06774 
4.06774 
4.06774 
4.06774 
4.06774 
4.06774 
4.06774 
4.06774 
4.06774 
4.06774 
4.06774 
4.06774 
4.06774 
4.06774 
4.06774 
4.06774 
4.06774 
4.06774 
4.06774 
4.06774 
4.06774 
4.06774 
4.06774 
4.06774 
4.06774 
4.06774 
4.06774 
4.06774 
4.06774 
4.06774 
4.06774 
4.06774 
4.06774 
4.06774 
4.06774 
4.06774 
4.06774 
4.06774 
4.06774 
4.06774 
4.06774 
4.06774 
4.06774 
4.06774 
4.06774 
4.06774 
4.06774 
4.06774 
4.06774 
4.06774 
4.06774 
4.06774 
4.06774 
4.06774 
4.06774 
4.06774 
4.06774 
4.06774 
4.06774 
4.06774 
4.06774 
4.06774 
4.06774 
4.06774 
4.06774 
4.06774 
4.06774 
4.06774 
4.06774 
4.06774 
4.06774 
4.06774 
4.06774 
4.06774 
4.06774 
4.06774 
4.06774 
4.06774 
4.06774 
4.06774 
4.06774 
4.06774 
4.06774 
4.06774 
4.06774 
4.06774 
4.06774 
4.06774 
4.06774 
4.06774 
4.06774 
4.06774 
4.06774 
4.06774 
4.06774 
4.06774 
4.06774 
4.06774 
4.06774 
4.06774 
4.06774 
4.06774 
4.06774 
4.06774 
4.06774 
4.06774 
4.06774 
4.06774 
4.06774 
4.06774 
4.06774 
4.06774 
4.06774 
4.06774 
4.06774 
4.06774 
4.06774 
4.06774 
4.06774 
4.06774 
4.06774 
4.06774 
4.06774 
4.06774 
4.06774 
4.06774 
4.06774 
4.06774 
4.06774 
4.06774 
4.06774 
4.06774 
4.06774 
4.06774 
4.06774 
4.06774 
4.06774 
4.06774 
4.06774 
4.06774 
4.06774 
4.06774 
4.06774 
4.06774 
4.06774 
4.06774 
4.06774 
4.06774 
4.06774 
4.06774 
4.06774 
4.06774 
4.06774 
4.06774 
4.06774 
4.06774 
4.06774 
4.06774 
4.06774 
4.06774 
4.06774 
4.06774 
4.06774 
4.06774 
4.06774 
4.06774 
4.06774 
4.06774 
4.06774 
4.06774 
4.06774 
4.06774 
4.06774 
4.06774 
4.06774 
4.06774 
4.06774 
4.06774 
4.06774 
4.06774 
4.06774 
4.06774 
4.06774 
4.06774 
4.06774 
4.06774 
4.06774 
4.06774 
4.06774 
4.06774 
4.06774 
4.06774 
4.06774 
4.06774 
4.06774 
4.06774 
4.06774 
4.06774 
4.06774 
4.06774 
4.06774 
4.06774 
4.06774 
4.06774 
4.06774 
4.06774 
4.06774 
4.06774 
4.06774 
4.06774 
4.06774 
4.06774 
4.06774 
4.06774 
4.06774 
4.06774 
4.06774 
4.06774 
4.06774 
4.06774 
4.06774 
4.06774 
4.06774 
4.06774 
4.06774 
4.06774 
4.06774 
4.06774 
4.06774 
4.06774 
4.06774 
4.06774 
4.06774 
4.06774 
4.06774 
4.06774 
4.06774 
4.06774 
4.06774 
4.06774 
4.06774 
4.06774 
4.06774 
4.06774 
4.06774 
4.06774 
4.06774 
4.06774 
4.06774 
4.06774 
4.06774 
4.06774 
4.06774 
4.06774 
4.06774 
4.06774 
4.06774 
4.06774 
4.06774 
4.06774 
4.06774 
4.06774 
4.06774 
4.06774 
4.06774 
4.06774 
4.06774 
4.06774 
4.06774 
4.06774 
4.06774 
4.06774 
4.06774 
4.06774 
4.06774 
4.06774 
4.06774 
4.06774 
4.06774 
4.06774 
4.06774 
4.06774 
4.06774 
4.06774 
4.06774 
4.06774 
4.06774 
4.06774 
4.06774 
4.06774 
4.06774 
4.06774 
4.06774 
4.06774 
4.06774 
4.06774 
4.06774 
4.06774 
4.06774 
4.06774 
4.06774 
4.06774 
4.06774 
4.06774 
4.06774 
4.06774 
4.06774 
4.06774 
4.06774 
4.06774 
4.06774 
4.06774 
4.06774 
4.06774 
4.06774 
4.06774 
4.06774 
4.06774 
4.06774 
4.06774 
4.06774 
4.06774 
4.06774 
4.06774 
4.06774 
4.06774 
4.06774 
4.06774 
4.06774 
4.06774 
4.06774 
4.06774 
4.06774 
4.06774 
4.06774 
4.06774 
4.06774 
4.06774 
4.06774 
4.06774 
4.06774 
4.06774 
4.06774 
4.06774 
4.06774 
4.06774 
4.06774 
4.06774 
4.06774 
4.06774 
4.06774 
4.06774 
4.06774 
4.06774 
4.06774 
4.06774 
4.06774 
4.06774 
4.06774 
4.06774 
4.06774 
4.06774 
4.06774 
4.06774 
4.06774 
4.06774 
4.06774 
4.06774 
4.06774 
4.06774 
4.06774 
4.06774 
4.06774 
4.06774 
4.06774 
4.06774 
4.06774 
4.06774 
4.06774 
4.06774 
4.06774 
4.06774 
4.06774 
4.06774 
4.06774 
4.06774 
4.06774 
4.06774 
4.06774 
4.06774 
4.06774 
4.06774 
4.06774 
4.06774 
4.06774 
4.06774 
4.06774 
4.06774 
4.06774 
4.06774 
4.06774 
4.06774 
4.06774 
4.06774 
4.06774 
4.06774 
4.06774 
4.06774 
4.06774 
4.06774 
4.06774 
4.06774 
4.06774 
4.06774 
4.06774 
4.06774 
4.06774 
4.06774 
4.06774 
4.06774 
4.06774 
4.06774 
4.06774 
4.06774 
4.06774 
4.06774 
4.06774 
4.06774 
4.06774 
4.06774 
4.06774 
4.06774 
4.06774 
4.06774 
4.06774 
4.06774 
4.06774 
4.06774 
4.06774 
4.06774 
4.06774 
4.06774 
4.06774 
4.06774 
4.06774 
4.06774 
4.06774 
4.06774 
4.06774 
4.06774 
4.06774 
4.06774 
4.06774 
4.06774 
4.06774 
4.06774 
4.06774 
4.06774 
4.06774 
4.06774 
4.06774 
4.06774 
4.06774 
4.06774 
4.06774 
4.06774 
4.06774 
4.06774 
4.06774 
4.06774 
4.06774 
4.06774 
4.06774 
4.06774 
4.06774 
4.06774 
4.06774 
4.06774 
4.06774 
4.06774 
4.06774 
4.06774 
4.06774 
4.06774 
4.06774 
4.06774 
4.06774 
4.06774 
4.06774 
4.06774 
4.06774 
4.06774 
4.06774 
4.06774 
4.06774 
4.06774 
4.06774 
4.06774 
4.06774 
4.06774 
4.06774 
4.06774 
4.06774 
4.06774 
4.06774 
4.06774 
4.06774 
4.06774 
4.06774 
4.06774 
4.06774 
4.06774 
4.06774 
4.06774 
4.06774 
4.06774 
4.06774 
4.06774 
4.06774 
4.06774 
4.06774 
4.06774 
4.06774 
4.06774 
4.06774 
4.06774 
4.06774 
4.06774 
4.06774 
4.06774 
4.06774 
4.06774 
4.06774 
4.06774 
4.06774 
4.06774 
4.06774 
4.06774 
4.06774 
4.06774 
4.06774 
4.06774 
4.06774 
4.06774 
4.06774 
4.06774 
4.06774 
4.06774 
4.06774 
4.06774 
4.06774 
4.06774 
4.06774 
4.06774 
4.06774 
4.06774 
4.06774 
4.06774 
4.06774 
4.06774 
4.06774 
4.06774 
4.06774 
4.06774 
4.06774 
4.06774 
4.06774 
4.06774 
4.06774 
4.06774 
4.06774 
4.06774 
4.06774 
4.06774 
4.06774 
4.06774 
4.06774 
4.06774 
4.06774 
4.06774 
4.06774 
4.06774 
4.06774 
4.06774 
4.06774 
4.06774 
4.06774 
4.06774 
4.06774 
4.06774 
4.06774 
4.06774 
4.06774 
4.06774 
4.06774 
4.06774 
4.06774 
4.06774 
4.06774 
4.06774 
4.06774 
4.06774 
4.06774 
4.06774 
4.06774 
4.06774 
4.06774 
4.06774 
4.06774 
4.06774 
4.06774 
4.06774 
4.06774 
4.06774 
4.06774 
4.06774 
4.06774 
4.06774 
4.06774 
4.06774 
4.06774 
4.06774 
4.06774 
4.06774 
4.06774 
4.06774 
4.06774 
4.06774 
4.06774 
4.06774 
4.06774 
4.06774 
4.06774 
4.06774 
4.06774 
4.06774 
4.06774 
4.06774 
4.06774 
4.06774 
4.06774 
4.06774 
4.06774 
4.06774 
4.06774 
4.06774 
4.06774 
4.06774 
4.06774 
4.06774 
4.06774 
4.06774 
4.06774 
4.06774 
4.06774 
4.06774 
4.06774 
4.06774 
4.06774 
4.06774 
4.06774 
4.06774 
4.06774 
4.06774 
4.06774 
4.06774 
4.06774 
4.06774 
4.06774 
4.06774 
4.06774 
4.06774 
4.06774 
4.06774 
4.06774 
4.06774 
4.06774 
4.06774 
4.06774 
4.06774 
4.06774 
4.06774 
4.06774 
4.06774 
4.06774 
4.06774 
4.06774 
4.06774 
4.06774 
4.06774 
4.06774 
4.06774 
4.06774 
4.06774 
4.06774 
4.06774 
4.06774 
4.06774 
4.06774 
4.06774 
4.06774 
4.06774 
4.06774 
4.06774 
4.06774 
4.06774 
4.06774 
4.06774 
4.06774 
4.06774 
4.06774 
4.06774 
4.06774 
4.06774 
4.06774 
4.06774 
4.06774 
4.06774 
4.06774 
4.06774 
4.06774 
4.06774 
4.06774 
4.06774 
4.06774 
4.06774 
4.06774 
4.06774 
4.06774 
4.06774 
4.06774 
4.06774 
4.06774 
4.06774 
4.06774 
4.06774 
4.06774 
4.06774 
4.06774 
4.06774 
4.06774 
4.06774 
4.06774 
4.06774 
4.06774 
4.06774 
4.06774 
4.06774 
4.06774 
4.06774 
4.06774 
4.06774 
4.06774 
4.06774 
4.06774 
4.06774 
4.06774 
4.06774 
4.06774 
4.06774 
4.06774 
4.06774 
4.06774 
4.06774 
4.06774 
4.06774 
4.06774 
4.06774 
4.06774 
4.06774 
4.06774 
4.06774 
4.06774 
4.06774 
4.06774 
4.06774 
4.06774 
4.06774 
4.06774 
4.06774 
4.06774 
4.06774 
4.06774 
4.06774 
4.06774 
4.06774 
4.06774 
4.06774 
4.06774 
4.06774 
4.06774 
4.06774 
4.06774 
4.06774 
4.06774 
4.06774 
4.06774 
4.06774 
4.06774 
4.06774 
4.06774 
4.06774 
4.06774 
4.06774 
4.06774 
4.06774 
4.06774 
4.06774 
4.06774 
4.06774 
4.06774 
4.06774 
4.06774 
4.06774 
4.06774 
4.06774 
4.06774 
4.06774 
4.06774 
4.06774 
4.06774 
4.06774 
4.06774 
4.06774 
4.06774 
4.06774 
4.06774 
4.06774 
4.06774 
4.06774 
4.06774 
4.06774 
4.06774 
4.06774 
4.06774 
4.06774 
4.06774 
4.06774 
4.06774 
4.06774 
4.06774 
4.06774 
4.06774 
4.06774 
4.06774 
4.06774 
4.06774 
4.06774 
4.06774 
4.06774 
4.06774 
4.06774 
4.06774 
4.06774 
4.06774 
4.06774 
4.06774 
4.06774 
4.06774 
4.06774 
4.06774 
4.06774 
4.06774 
4.06774 
4.06774 
4.06774 
4.06774 
4.06774 
4.06774 
4.06774 
4.06774 
4.06774 
4.06774 
4.06774 
4.06774 
4.06774 
4.06774 
4.06774 
4.06774 
4.06774 
4.06774 
4.06774 
4.06774 
4.06774 
4.06774 
4.06774 
4.06774 
4.06774 
4.06774 
4.06774 
4.06774 
4.06774 
4.06774 
4.06774 
4.06774 
4.06774 
4.06774 
4.06774 
4.06774 
4.06774 
4.06774 
4.06774 
4.06774 
4.06774 
4.06774 
4.06774 
4.06774 
4.06774 
4.06774 
4.06774 
4.06774 
4.06774 
4.06774 
4.06774 
4.06774 
4.06774 
4.06774 
4.06774 
4.06774 
4.06774 
4.06774 
4.06774 
4.06774 
4.06774 
4.06774 
4.06774 
4.06774 
4.06774 
4.06774 
4.06774 
4.06774 
4.06774 
4.06774 
4.06774 
4.06774 
4.06774 
4.06774 
4.06774 
4.06774 
4.06774 
4.06774 
4.06774 
4.06774 
4.06774 
4.06774 
4.06774 
4.06774 
4.06774 
4.06774 
4.06774 
4.06774 
4.06774 
4.06774 
4.06774 
4.06774 
4.06774 
4.06774 
4.06774 
4.06774 
4.06774 
4.06774 
4.06774 
4.06774 
4.06774 
4.06774 
4.06774 
4.06774 
4.06774 
4.06774 
4.06774 
4.06774 
4.06774 
4.06774 
4.06774 
4.06774 
4.06774 
4.06774 
4.06774 
4.06774 
4.06774 
4.06774 
4.06774 
4.06774 
4.06774 
4.06774 
4.06774 
4.06774 
4.06774 
4.06774 
4.06774 
4.06774 
4.06774 
4.06774 
4.06774 
4.06774 
4.06774 
4.06774 
4.06774 
4.06774 
4.06774 
4.06774 
4.06774 
4.06774 
4.06774 
4.06774 
4.06774 
4.06774 
4.06774 
4.06774 
4.06774 
4.06774 
4.06774 
4.06774 
4.06774 
4.06774 
4.06774 
4.06774 
4.06774 
4.06774 
4.06774 
4.06774 
4.06774 
4.06774 
4.06774 
4.06774 
4.06774 
4.06774 
4.06774 
4.06774 
4.06774 
4.06774 
4.06774 
4.06774 
4.06774 
4.06774 
4.06774 
4.06774 
4.06774 
4.06774 
4.06774 
4.06774 
4.06774 
4.06774 
4.06774 
4.06774 
4.06774 
4.06774 
4.06774 
4.06774 
4.06774 
4.06774 
4.06774 
4.06774 
4.06774 
4.06774 
4.06774 
4.06774 
4.06774 
4.06774 
4.06774 
4.06774 
4.06774 
4.06774 
4.06774 
4.06774 
4.06774 
4.06774 
4.06774 
4.06774 
4.06774 
4.06774 
4.06774 
4.06774 
4.06774 
4.06774 
4.06774 
4.06774 
4.06774 
4.06774 
4.06774 
4.06774 
4.06774 
4.06774 
4.06774 
4.06774 
4.06774 
4.06774 
4.06774 
4.06774 
4.06774 
4.06774 
4.06774 
4.06774 
4.06774 
4.06774 
4.06774 
4.06774 
4.06774 
4.06774 
4.06774 
4.06774 
4.06774 
4.06774 
4.06774 
4.06774 
4.06774 
4.06774 
4.06774 
4.06774 
4.06774 
4.06774 
4.06774 
4.06774 
4.06774 
4.06774 
4.06774 
4.06774 
4.06774 
4.06774 
4.06774 
4.06774 
4.06774 
4.06774 
4.06774 
4.06774 
4.06774 
4.06774 
4.06774 
4.06774 
4.06774 
4.06774 
4.06774 
4.06774 
4.06774 
4.06774 
4.06774 
4.06774 
4.06774 
4.06774 
4.06774 
4.06774 
4.06774 
4.06774 
4.06774 
4.06774 
4.06774 
4.06774 
4.06774 
4.06774 
4.06774 
4.06774 
4.06774 
4.06774 
4.06774 
4.06774 
4.06774 
4.06774 
4.06774 
4.06774 
4.06774 
4.06774 
4.06774 
4.06774 
4.06774 
4.06774 
4.06774 
4.06774 
4.06774 
4.06774 
4.06774 
4.06774 
4.06774 
4.06774 
4.06774 
4.06774 
4.06774 
4.06774 
4.06774 
4.06774 
4.06774 
4.06774 
4.06774 
4.06774 
4.06774 
4.06774 
4.06774 
4.06774 
4.06774 
4.06774 
4.06774 
4.06774 
4.06774 
4.06774 
4.06774 
4.06774 
4.06774 
4.06774 
4.06774 
4.06774 
4.06774 
4.06774 
4.06774 
4.06774 
4.06774 
4.06774 
4.06774 
4.06774 
4.06774 
4.06774 
4.06774 
4.06774 
4.06774 
4.06774 
4.06774 
4.06774 
4.06774 
4.06774 
4.06774 
4.06774 
4.06774 
4.06774 
4.06774 
4.06774 
4.06774 
4.06774 
4.06774 
4.06774 
4.06774 
4.06774 
4.06774 
4.06774 
4.06774 
4.06774 
4.06774 
4.06774 
4.06774 
4.06774 
4.06774 
4.06774 
4.06774 
4.06774 
4.06774 
4.06774 
4.06774 
4.06774 
4.06774 
4.06774 
4.06774 
4.06774 
4.06774 
4.06774 
4.06774 
4.06774 
4.06774 
4.06774 
4.06774 
4.06774 
4.06774 
4.06774 
4.06774 
4.06774 
4.06774 
4.06774 
4.06774 
4.06774 
4.06774 
4.06774 
4.06774 
4.06774 
4.06774 
4.06774 
4.06774 
4.06774 
4.06774 
4.06774 
4.06774 
4.06774 
4.06774 
4.06774 
4.06774 
4.06774 
4.06774 
4.06774 
4.06774 
4.06774 
4.06774 
4.06774 
4.06774 
4.06774 
4.06774 
4.06774 
4.06774 
4.06774 
4.06774 
4.06774 
4.06774 
4.06774 
4.06774 
4.06774 
4.06774 
4.06774 
4.06774 
4.06774 
4.06774 
4.06774 
4.06774 
4.06774 
4.06774 
4.06774 
4.06774 
4.06774 
4.06774 
4.06774 
4.06774 
4.06774 
4.06774 
4.06774 
4.06774 
4.06774 
4.06774 
4.06774 
4.06774 
4.06774 
4.06774 
4.06774 
4.06774 
4.06774 
4.06774 
4.06774 
4.06774 
4.06774 
4.06774 
4.06774 
4.06774 
4.06774 
4.06774 
4.06774 
4.06774 
4.06774 
4.06774 
4.06774 
4.06774 
4.06774 
4.06774 
4.06774 
4.06774 
4.06774 
4.06774 
4.06774 
4.06774 
4.06774 
4.06774 
4.06774 
4.06774 
4.06774 
4.06774 
4.06774 
4.06774 
4.06774 
4.06774 
4.06774 
4.06774 
4.06774 
4.06774 
4.06774 
4.06774 
4.06774 
4.06774 
4.06774 
4.06774 
4.06774 
4.06774 
4.06774 
4.06774 
4.06774 
4.06774 
4.06774 
4.06774 
4.06774 
4.06774 
4.06774 
4.06774 
4.06774 
4.06774 
4.06774 
4.06774 
4.06774 
4.06774 
4.06774 
4.06774 
4.06774 
4.06774 
4.06774 
4.06774 
4.06774 
4.06774 
4.06774 
4.06774 
4.06774 
4.06774 
4.06774 
4.06774 
4.06774 
4.06774 
4.06774 
4.06774 
4.06774 
4.06774 
4.06774 
4.06774 
4.06774 
4.06774 
4.06774 
4.06774 
4.06774 
4.06774 
4.06774 
4.06774 
4.06774 
4.06774 
4.06774 
4.06774 
4.06774 
4.06774 
4.06774 
4.06774 
4.06774 
4.06774 
4.06774 
4.06774 
4.06774 
4.06774 
4.06774 
4.06774 
4.06774 
4.06774 
4.06774 
4.06774 
4.06774 
4.06774 
4.06774 
4.06774 
4.06774 
4.06774 
4.06774 
4.06774 
4.06774 
4.06774 
4.06774 
4.06774 
4.06774 
4.06774 
4.06774 
4.06774 
4.06774 
4.06774 
4.06774 
4.06774 
4.06774 
4.06774 
4.06774 
4.06774 
4.06774 
4.06774 
4.06774 
4.06774 
4.06774 
4.06774 
4.06774 
4.06774 
4.06774 
4.06774 
4.06774 
4.06774 
4.06774 
4.06774 
4.06774 
4.06774 
4.06774 
4.06774 
4.06774 
4.06774 
4.06774 
4.06774 
4.06774 
4.06774 
4.06774 
4.06774 
4.06774 
4.06774 
4.06774 
4.06774 
4.06774 
4.06774 
4.06774 
4.06774 
4.06774 
4.06774 
4.06774 
4.06774 
4.06774 
4.06774 
4.06774 
4.06774 
4.06774 
4.06774 
4.06774 
4.06774 
4.06774 
4.06774 
4.06774 
4.06774 
4.06774 
4.06774 
4.06774 
4.06774 
4.06774 
4.06774 
4.06774 
4.06774 
4.06774 
4.06774 
4.06774 
4.06774 
4.06774 
4.06774 
4.06774 
4.06774 
4.06774 
4.06774 
4.06774 
4.06774 
4.06774 
4.06774 
4.06774 
4.06774 
4.06774 
4.06774 
4.06774 
4.06774 
4.06774 
4.06774 
4.06774 
4.06774 
4.06774 
4.06774 
4.06774 
4.06774 
4.06774 
4.06774 
4.06774 
4.06774 
4.06774 
4.06774 
4.06774 
4.06774 
4.06774 
4.06774 
4.06774 
4.06774 
4.06774 
4.06774 
4.06774 
4.06774 
4.06774 
4.06774 
4.06774 
4.06774 
4.06774 
4.06774 
4.06774 
4.06774 
4.06774 
4.06774 
4.06774 
4.06774 
4.06774 
4.06774 
4.06774 
4.06774 
4.06774 
4.06774 
4.06774 
4.06774 
4.06774 
4.06774 
4.06774 
4.06774 
4.06774 
4.06774 
4.06774 
4.06774 
4.06774 
4.06774 
4.06774 
4.06774 
4.06774 
4.06774 
4.06774 
4.06774 
4.06774 
4.06774 
4.06774 
4.06774 
4.06774 
4.06774 
4.06774 
4.06774 
4.06774 
4.06774 
4.06774 
4.06774 
4.06774 
4.06774 
4.06774 
4.06774 
4.06774 
4.06774 
4.06774 
4.06774 
4.06774 
4.06774 
4.06774 
4.06774 
4.06774 
4.06774 
4.06774 
4.06774 
4.06774 
4.06774 
4.06774 
4.06774 
4.06774 
4.06774 
4.06774 
4.06774 
4.06774 
4.06774 
4.06774 
4.06774 
4.06774 
4.06774 
4.06774 
4.06774 
4.06774 
4.06774 
4.06774 
4.06774 
4.06774 
4.06774 
4.06774 
4.06774 
4.06774 
4.06774 
4.06774 
4.06774 
4.06774 
4.06774 
4.06774 
4.06774 
4.06774 
4.06774 
4.06774 
4.06774 
4.06774 
4.06774 
4.06774 
4.06774 
4.06774 
4.06774 
4.06774 
4.06774 
4.06774 
4.06774 
4.06774 
4.06774 
4.06774 
4.06774 
4.06774 
4.06774 
4.06774 
4.06774 
4.06774 
4.06774 
4.06774 
4.06774 
4.06774 
4.06774 
4.06774 
4.06774 
4.06774 
4.06774 
4.06774 
4.06774 
4.06774 
4.06774 
4.06774 
4.06774 
4.06774 
4.06774 
4.06774 
4.06774 
4.06774 
4.06774 
4.06774 
4.06774 
4.06774 
4.06774 
4.06774 
4.06774 
4.06774 
4.06774 
4.06774 
4.06774 
4.06774 
4.06774 
4.06774 
4.06774 
4.06774 
4.06774 
4.06774 
4.06774 
4.06774 
4.06774 
4.06774 
4.06774 
4.06774 
4.06774 
4.06774 
4.06774 
4.06774 
4.06774 
4.06774 
4.06774 
4.06774 
4.06774 
4.06774 
4.06774 
4.06774 
4.06774 
4.06774 
4.06774 
4.06774 
4.06774 
4.06774 
4.06774 
4.06774 
4.06774 
4.06774 
4.06774 
4.06774 
4.06774 
4.06774 
4.06774 
4.06774 
4.06774 
4.06774 
4.06774 
4.06774 
4.06774 
4.06774 
4.06774 
4.06774 
4.06774 
4.06774 
4.06774 
4.06774 
4.06774 
4.06774 
4.06774 
4.06774 
4.06774 
4.06774 
4.06774 
4.06774 
4.06774 
4.06774 
4.06774 
4.06774 
4.06774 
4.06774 
4.06774 
4.06774 
4.06774 
4.06774 
4.06774 
4.06774 
4.06774 
4.06774 
4.06774 
4.06774 
4.06774 
4.06774 
4.06774 
4.06774 
4.06774 
4.06774 
4.06774 
4.06774 
4.06774 
4.06774 
4.06774 
4.06774 
4.06774 
4.06774 
4.06774 
4.06774 
4.06774 
4.06774 
4.06774 
4.06774 
4.06774 
4.06774 
4.06774 
4.06774 
4.06774 
4.06774 
4.06774 
4.06774 
4.06774 
4.06774 
4.06774 
4.06774 
4.06774 
4.06774 
4.06774 
4.06774 
4.06774 
4.06774 
4.06774 
4.06774 
4.06774 
4.06774 
4.06774 
4.06774 
4.06774 
4.06774 
4.06774 
4.06774 
4.06774 
4.06774 
4.06774 
4.06774 
4.06774 
4.06774 
4.06774 
4.06774 
4.06774 
4.06774 
4.06774 
4.06774 
4.06774 
4.06774 
4.06774 
4.06774 
4.06774 
4.06774 
4.06774 
4.06774 
4.06774 
4.06774 
4.06774 
4.06774 
4.06774 
4.06774 
4.06774 
4.06774 
4.06774 
4.06774 
4.06774 
4.06774 
4.06774 
4.06774 
4.06774 
4.06774 
4.06774 
4.06774 
4.06774 
4.06774 
4.06774 
4.06774 
4.06774 
4.06774 
4.06774 
4.06774 
4.06774 
4.06774 
4.06774 
4.06774 
4.06774 
4.06774 
4.06774 
4.06774 
4.06774 
4.06774 
4.06774 
4.06774 
4.06774 
4.06774 
4.06774 
4.06774 
4.06774 
4.06774 
4.06774 
4.06774 
4.06774 
4.06774 
4.06774 
4.06774 
4.06774 
4.06774 
4.06774 
4.06774 
4.06774 
4.06774 
4.06774 
4.06774 
4.06774 
4.06774 
4.06774 
4.06774 
4.06774 
4.06774 
4.06774 
4.06774 
4.06774 
4.06774 
4.06774 
4.06774 
4.06774 
4.06774 
4.06774 
4.06774 
4.06774 
4.06774 
4.06774 
4.06774 
4.06774 
4.06774 
4.06774 
4.06774 
4.06774 
4.06774 
4.06774 
4.06774 
4.06774 
4.06774 
4.06774 
4.06774 
4.06774 
4.06774 
4.06774 
4.06774 
4.06774 
4.06774 
4.06774 
4.06774 
4.06774 
4.06774 
4.06774 
4.06774 
4.06774 
4.06774 
4.06774 
4.06774 
4.06774 
4.06774 
4.06774 
4.06774 
4.06774 
4.06774 
4.06774 
4.06774 
4.06774 
4.06774 
4.06774 
4.06774 
4.06774 
4.06774 
4.06774 
4.06774 
4.06774 
4.06774 
4.06774 
4.06774 
4.06774 
4.06774 
4.06774 
4.06774 
4.06774 
4.06774 
4.06774 
4.06774 
4.06774 
4.06774 
4.06774 
4.06774 
4.06774 
4.06774 
4.06774 
4.06774 
4.06774 
4.06774 
4.06774 
4.06774 
4.06774 
4.06774 
4.06774 
4.06774 
4.06774 
4.06774 
4.06774 
4.06774 
4.06774 
4.06774 
4.06774 
4.06774 
4.06774 
4.06774 
4.06774 
4.06774 
4.06774 
4.06774 
4.06774 
4.06774 
4.06774 
4.06774 
4.06774 
4.06774 
4.06774 
4.06774 
4.06774 
4.06774 
4.06774 
4.06774 
4.06774 
4.06774 
4.06774 
4.06774 
4.06774 
4.06774 
4.06774 
4.06774 
4.06774 
4.06774 
4.06774 
4.06774 
4.06774 
4.06774 
4.06774 
4.06774 
4.06774 
4.06774 
4.06774 
4.06774 
4.06774 
4.06774 
4.06774 
4.06774 
4.06774 
4.06774 
4.06774 
4.06774 
4.06774 
4.06774 
4.06774 
4.06774 
4.06774 
4.06774 
4.06774 
4.06774 
4.06774 
4.06774 
4.06774 
4.06774 
4.06774 
4.06774 
4.06774 
4.06774 
4.06774 
4.06774 
4.06774 
4.06774 
4.06774 
4.06774 
4.06774 
4.06774 
4.06774 
4.06774 
4.06774 
4.06774 
4.06774 
4.06774 
4.06774 
4.06774 
4.06774 
4.06774 
4.06774 
4.06774 
4.06774 
4.06774 
4.06774 
4.06774 
4.06774 
4.06774 
4.06774 
4.06774 
4.06774 
4.06774 
4.06774 
4.06774 
4.06774 
4.06774 
4.06774 
4.06774 
4.06774 
4.06774 
4.06774 
4.06774 
4.06774 
4.06774 
4.06774 
4.06774 
4.06774 
4.06774 
4.06774 
4.06774 
4.06774 
4.06774 
4.06774 
4.06774 
4.06774 
4.06774 
4.06774 
4.06774 
4.06774 
4.06774 
4.06774 
4.06774 
4.06774 
4.06774 
4.06774 
4.06774 
4.06774 
4.06774 
4.06774 
4.06774 
4.06774 
4.06774 
4.06774 
4.06774 
4.06774 
4.06774 
4.06774 
4.06774 
4.06774 
4.06774 
4.06774 
4.06774 
4.06774 
4.06774 
4.06774 
4.06774 
4.06774 
4.06774 
4.06774 
4.06774 
4.06774 
4.06774 
4.06774 
4.06774 
4.06774 
4.06774 
4.06774 
4.06774 
4.06774 
4.06774 
4.06774 
4.06774 
4.06774 
4.06774 
4.06774 
4.06774 
4.06774 
4.06774 
4.06774 
4.06774 
4.06774 
4.06774 
4.06774 
4.06774 
4.06774 
4.06774 
4.06774 
4.06774 
4.06774 
4.06774 
4.06774 
4.06774 
4.06774 
4.06774 
4.06774 
4.06774 
4.06774 
4.06774 
4.06774 
4.06774 
4.06774 
4.06774 
4.06774 
4.06774 
4.06774 
4.06774 
4.06774 
4.06774 
4.06774 
4.06774 
4.06774 
4.06774 
4.06774 
4.06774 
4.06774 
4.06774 
4.06774 
4.06774 
4.06774 
4.06774 
4.06774 
4.06774 
4.06774 
4.06774 
4.06774 
4.06774 
4.06774 
4.06774 
4.06774 
4.06774 
4.06774 
4.06774 
4.06774 
4.06774 
4.06774 
4.06774 
4.06774 
4.06774 
4.06774 
4.06774 
4.06774 
4.06774 
4.06774 
4.06774 
4.06774 
4.06774 
4.06774 
4.06774 
4.06774 
4.06774 
4.06774 
4.06774 
4.06774 
4.06774 
4.06774 
4.06774 
4.06774 
4.06774 
4.06774 
4.06774 
4.06774 
4.06774 
4.06774 
4.06774 
4.06774 
4.06774 
4.06774 
4.06774 
4.06774 
4.06774 
4.06774 
4.06774 
4.06774 
4.06774 
4.06774 
4.06774 
4.06774 
4.06774 
4.06774 
4.06774 
4.06774 
4.06774 
4.06774 
4.06774 
4.06774 
4.06774 
4.06774 
4.06774 
4.06774 
4.06774 
4.06774 
4.06774 
4.06774 
4.06774 
4.06774 
4.06774 
4.06774 
4.06774 
4.06774 
4.06774 
4.06774 
4.06774 
4.06774 
4.06774 
4.06774 
4.06774 
4.06774 
4.06774 
4.06774 
4.06774 
4.06774 
4.06774 
4.06774 
4.06774 
4.06774 
4.06774 
4.06774 
4.06774 
4.06774 
4.06774 
4.06774 
4.06774 
4.06774 
4.06774 
4.06774 
4.06774 
4.06774 
4.06774 
4.06774 
4.06774 
4.06774 
4.06774 
4.06774 
4.06774 
4.06774 
4.06774 
4.06774 
4.06774 
4.06774 
4.06774 
4.06774 
4.06774 
4.06774 
4.06774 
4.06774 
4.06774 
4.06774 
4.06774 
4.06774 
4.06774 
4.06774 
4.06774 
4.06774 
4.06774 
4.06774 
4.06774 
4.06774 
4.06774 
4.06774 
4.06774 
4.06774 
4.06774 
4.06774 
4.06774 
4.06774 
4.06774 
4.06774 
4.06774 
4.06774 
4.06774 
4.06774 
4.06774 
4.06774 
4.06774 
4.06774 
4.06774 
4.06774 
4.06774 
4.06774 
4.06774 
4.06774 
4.06774 
4.06774 
4.06774 
4.06774 
4.06774 
4.06774 
4.06774 
4.06774 
4.06774 
4.06774 
4.06774 
4.06774 
4.06774 
4.06774 
4.06774 
4.06774 
4.06774 
4.06774 
4.06774 
4.06774 
4.06774 
4.06774 
4.06774 
4.06774 
4.06774 
4.06774 
4.06774 
4.06774 
4.06774 
4.06774 
4.06774 
4.06774 
4.06774 
4.06774 
4.06774 
4.06774 
4.06774 
4.06774 
4.06774 
4.06774 
4.06774 
4.06774 
4.06774 
4.06774 
4.06774 
4.06774 
4.06774 
4.06774 
4.06774 
4.06774 
4.06774 
4.06774 
4.06774 
4.06774 
4.06774 
4.06774 
4.06774 
4.06774 
4.06774 
4.06774 
4.06774 
4.06774 
4.06774 
4.06774 
4.06774 
4.06774 
4.06774 
4.06774 
4.06774 
4.06774 
4.06774 
4.06774 
4.06774 
4.06774 
4.06774 
4.06774 
4.06774 
4.06774 
4.06774 
4.06774 
4.06774 
4.06774 
4.06774 
4.06774 
4.06774 
4.06774 
4.06774 
4.06774 
4.06774 
4.06774 
4.06774 
4.06774 
4.06774 
4.06774 
4.06774 
4.06774 
4.06774 
4.06774 
4.06774 
4.06774 
4.06774 
4.06774 
4.06774 
4.06774 
4.06774 
4.06774 
4.06774 
4.06774 
4.06774 
4.06774 
4.06774 
4.06774 
4.06774 
4.06774 
4.06774 
4.06774 
4.06774 
4.06774 
4.06774 
4.06774 
4.06774 
4.06774 
4.06774 
4.06774 
4.06774 
4.06774 
4.06774 
4.06774 
4.06774 
4.06774 
4.06774 
4.06774 
4.06774 
4.06774 
4.06774 
4.06774 
4.06774 
4.06774 
4.06774 
4.06774 
4.06774 
4.06774 
4.06774 
4.06774 
4.06774 
4.06774 
4.06774 
4.06774 
4.06774 
4.06774 
4.06774 
4.06774 
4.06774 
4.06774 
4.06774 
4.06774 
4.06774 
4.06774 
4.06774 
4.06774 
4.06774 
4.06774 
4.06774 
4.06774 
4.06774 
4.06774 
4.06774 
4.06774 
4.06774 
4.06774 
4.06774 
4.06774 
4.06774 
4.06774 
4.06774 
4.06774 
4.06774 
4.06774 
4.06774 
4.06774 
4.06774 
4.06774 
4.06774 
4.06774 
4.06774 
4.06774 
4.06774 
4.06774 
4.06774 
4.06774 
4.06774 
4.06774 
4.06774 
4.06774 
4.06774 
4.06774 
4.06774 
4.06774 
4.06774 
4.06774 
4.06774 
4.06774 
4.06774 
4.06774 
4.06774 
4.06774 
4.06774 
4.06774 
4.06774 
4.06774 
4.06774 
4.06774 
4.06774 
4.06774 
4.06774 
4.06774 
4.06774 
4.06774 
4.06774 
4.06774 
4.06774 
4.06774 
4.06774 
4.06774 
4.06774 
4.06774 
4.06774 
4.06774 
4.06774 
4.06774 
4.06774 
4.06774 
4.06774 
4.06774 
4.06774 
4.06774 
4.06774 
4.06774 
4.06774 
4.06774 
4.06774 
4.06774 
4.06774 
4.06774 
4.06774 
4.06774 
4.06774 
4.06774 
4.06774 
4.06774 
4.06774 
4.06774 
4.06774 
4.06774 
4.06774 
4.06774 
4.06774 
4.06774 
4.06774 
4.06774 
4.06774 
4.06774 
4.06774 
4.06774 
4.06774 
4.06774 
4.06774 
4.06774 
4.06774 
4.06774 
4.06774 
4.06774 
4.06774 
4.06774 
4.06774 
4.06774 
4.06774 
4.06774 
4.06774 
4.06774 
4.06774 
4.06774 
4.06774 
4.06774 
4.06774 
4.06774 
4.06774 
4.06774 
4.06774 
4.06774 
4.06774 
4.06774 
4.06774 
4.06774 
4.06774 
4.06774 
4.06774 
4.06774 
4.06774 
4.06774 
4.06774 
4.06774 
4.06774 
4.06774 
4.06774 
4.06774 
4.06774 
4.06774 
4.06774 
4.06774 
4.06774 
4.06774 
4.06774 
4.06774 
4.06774 
4.06774 
4.06774 
4.06774 
4.06774 
4.06774 
4.06774 
4.06774 
4.06774 
4.06774 
4.06774 
4.06774 
4.06774 
4.06774 
4.06774 
4.06774 
4.06774 
4.06774 
4.06774 
4.06774 
4.06774 
4.06774 
4.06774 
4.06774 
4.06774 
4.06774 
4.06774 
4.06774 
4.06774 
4.06774 
4.06774 
4.06774 
4.06774 
4.06774 
4.06774 
4.06774 
4.06774 
4.06774 
4.06774 
4.06774 
4.06774 
4.06774 
4.06774 
4.06774 
4.06774 
4.06774 
4.06774 
4.06774 
4.06774 
4.06774 
4.06774 
4.06774 
4.06774 
4.06774 
4.06774 
4.06774 
4.06774 
4.06774 
4.06774 
4.06774 
4.06774 
4.06774 
4.06774 
4.06774 
4.06774 
4.06774 
4.06774 
4.06774 
4.06774 
4.06774 
4.06774 
4.06774 
4.06774 
4.06774 
4.06774 
4.06774 
4.06774 
4.06774 
4.06774 
4.06774 
4.06774 
4.06774 
4.06774 
4.06774 
4.06774 
4.06774 
4.06774 
4.06774 
4.06774 
4.06774 
4.06774 
4.06774 
4.06774 
4.06774 
4.06774 
4.06774 
4.06774 
4.06774 
4.06774 
4.06774 
4.06774 
4.06774 
4.06774 
4.06774 
4.06774 
4.06774 
4.06774 
4.06774 
4.06774 
4.06774 
4.06774 
4.06774 
4.06774 
4.06774 
4.06774 
4.06774 
4.06774 
4.06774 
4.06774 
4.06774 
4.06774 
4.06774 
4.06774 
4.06774 
4.06774 
4.06774 
4.06774 
4.06774 
4.06774 
4.06774 
4.06774 
4.06774 
4.06774 
4.06774 
4.06774 
4.06774 
4.06774 
4.06774 
4.06774 
4.06774 
4.06774 
4.06774 
4.06774 
4.06774 
4.06774 
4.06774 
4.06774 
4.06774 
4.06774 
4.06774 
4.06774 
4.06774 
4.06774 
4.06774 
4.06774 
4.06774 
4.06774 
4.06774 
4.06774 
4.06774 
4.06774 
4.06774 
4.06774 
4.06774 
4.06774 
4.06774 
4.06774 
4.06774 
4.06774 
4.06774 
4.06774 
4.06774 
4.06774 
4.06774 
4.06774 
4.06774 
4.06774 
4.06774 
4.06774 
4.06774 
4.06774 
4.06774 
4.06774 
4.06774 
4.06774 
4.06774 
4.06774 
4.06774 
4.06774 
4.06774 
4.06774 
4.06774 
4.06774 
4.06774 
4.06774 
4.06774 
4.06774 
4.06774 
4.06774 
4.06774 
4.06774 
4.06774 
4.06774 
4.06774 
4.06774 
4.06774 
4.06774 
4.06774 
4.06774 
4.06774 
4.06774 
4.06774 
4.06774 
4.06774 
4.06774 
4.06774 
4.06774 
4.06774 
4.06774 
4.06774 
4.06774 
4.06774 
4.06774 
4.06774 
4.06774 
4.06774 
4.06774 
4.06774 
4.06774 
4.06774 
4.06774 
4.06774 
4.06774 
4.06774 
4.06774 
4.06774 
4.06774 
4.06774 
4.06774 
4.06774 
4.06774 
4.06774 
4.06774 
4.06774 
4.06774 
4.06774 
4.06774 
4.06774 
4.06774 
4.06774 
4.06774 
4.06774 
4.06774 
4.06774 
4.06774 
4.06774 
4.06774 
4.06774 
4.06774 
4.06774 
4.06774 
4.06774 
4.06774 
4.06774 
4.06774 
4.06774 
4.06774 
4.06774 
4.06774 
4.06774 
4.06774 
4.06774 
4.06774 
4.06774 
4.06774 
4.06774 
4.06774 
4.06774 
4.06774 
4.06774 
4.06774 
4.06774 
4.06774 
4.06774 
4.06774 
4.06774 
4.06774 
4.06774 
4.06774 
4.06774 
4.06774 
4.06774 
4.06774 
4.06774 
4.06774 
4.06774 
4.06774 
4.06774 
4.06774 
4.06774 
4.06774 
4.06774 
4.06774 
4.06774 
4.06774 
4.06774 
4.06774 
4.06774 
4.06774 
4.06774 
4.06774 
4.06774 
4.06774 
4.06774 
4.06774 
4.06774 
4.06774 
4.06774 
4.06774 
4.06774 
4.06774 
4.06774 
4.06774 
4.06774 
4.06774 
4.06774 
4.06774 
4.06774 
4.06774 
4.06774 
4.06774 
4.06774 
4.06774 
4.06774 
4.06774 
4.06774 
4.06774 
4.06774 
4.06774 
4.06774 
4.06774 
4.06774 
4.06774 
4.06774 
4.06774 
4.06774 
4.06774 
4.06774 
4.06774 
4.06774 
4.06774 
4.06774 
4.06774 
4.06774 
4.06774 
4.06774 
4.06774 
4.06774 
4.06774 
4.06774 
4.06774 
4.06774 
4.06774 
4.06774 
4.06774 
4.06774 
4.06774 
4.06774 
4.06774 
4.06774 
4.06774 
4.06774 
4.06774 
4.06774 
4.06774 
4.06774 
4.06774 
4.06774 
4.06774 
4.06774 
4.06774 
4.06774 
4.06774 
4.06774 
4.06774 
4.06774 
4.06774 
4.06774 
4.06774 
4.06774 
4.06774 
4.06774 
4.06774 
4.06774 
4.06774 
4.06774 
4.06774 
4.06774 
4.06774 
4.06774 
4.06774 
4.06774 
4.06774 
4.06774 
4.06774 
4.06774 
4.06774 
4.06774 
4.06774 
4.06774 
4.06774 
4.06774 
4.06774 
4.06774 
4.06774 
4.06774 
4.06774 
4.06774 
4.06774 
4.06774 
4.06774 
4.06774 
4.06774 
4.06774 
4.06774 
4.06774 
4.06774 
4.06774 
4.06774 
4.06774 
4.06774 
4.06774 
4.06774 
4.06774 
4.06774 
4.06774 
4.06774 
4.06774 
4.06774 
4.06774 
4.06774 
4.06774 
4.06774 
4.06774 
4.06774 
4.06774 
4.06774 
4.06774 
4.06774 
4.06774 
4.06774 
4.06774 
4.06774 
4.06774 
4.06774 
4.06774 
4.06774 
4.06774 
4.06774 
4.06774 
4.06774 
4.06774 
4.06774 
4.06774 
4.06774 
4.06774 
4.06774 
4.06774 
4.06774 
4.06774 
4.06774 
4.06774 
4.06774 
4.06774 
4.06774 
4.06774 
4.06774 
4.06774 
4.06774 
4.06774 
4.06774 
4.06774 
4.06774 
4.06774 
4.06774 
4.06774 
4.06774 
4.06774 
4.06774 
4.06774 
4.06774 
4.06774 
4.06774 
4.06774 
4.06774 
4.06774 
4.06774 
4.06774 
4.06774 
4.06774 
4.06774 
4.06774 
4.06774 
4.06774 
4.06774 
4.06774 
4.06774 
4.06774 
4.06774 
4.06774 
4.06774 
4.06774 
4.06774 
4.06774 
4.06774 
4.06774 
4.06774 
4.06774 
4.06774 
4.06774 
4.06774 
4.06774 
4.06774 
4.06774 
4.06774 
4.06774 
4.06774 
4.06774 
4.06774 
4.06774 
4.06774 
4.06774 
4.06774 
4.06774 
4.06774 
4.06774 
4.06774 
4.06774 
4.06774 
4.06774 
4.06774 
4.06774 
4.06774 
4.06774 
4.06774 
4.06774 
4.06774 
4.06774 
4.06774 
4.06774 
4.06774 
4.06774 
4.06774 
4.06774 
4.06774 
4.06774 
4.06774 
4.06774 
4.06774 
4.06774 
4.06774 
4.06774 
4.06774 
4.06774 
4.06774 
4.06774 
4.06774 
4.06774 
4.06774 
4.06774 
4.06774 
4.06774 
4.06774 
4.06774 
4.06774 
4.06774 
4.06774 
4.06774 
4.06774 
4.06774 
4.06774 
4.06774 
4.06774 
4.06774 
4.06774 
4.06774 
4.06774 
4.06774 
4.06774 
4.06774 
4.06774 
4.06774 
4.06774 
4.06774 
4.06774 
4.06774 
4.06774 
4.06774 
4.06774 
4.06774 
4.06774 
4.06774 
4.06774 
4.06774 
4.06774 
4.06774 
4.06774 
4.06774 
4.06774 
4.06774 
4.06774 
4.06774 
4.06774 
4.06774 
4.06774 
4.06774 
4.06774 
4.06774 
4.06774 
4.06774 
4.06774 
4.06774 
4.06774 
4.06774 
4.06774 
4.06774 
4.06774 
4.06774 
4.06774 
4.06774 
4.06774 
4.06774 
4.06774 
4.06774 
4.06774 
4.06774 
4.06774 
4.06774 
4.06774 
4.06774 
4.06774 
4.06774 
4.06774 
4.06774 
4.06774 
4.06774 
4.06774 
4.06774 
4.06774 
4.06774 
4.06774 
4.06774 
4.06774 
4.06774 
4.06774 
4.06774 
4.06774 
4.06774 
4.06774 
4.06774 
4.06774 
4.06774 
4.06774 
4.06774 
4.06774 
4.06774 
4.06774 
4.06774 
4.06774 
4.06774 
4.06774 
4.06774 
4.06774 
4.06774 
4.06774 
4.06774 
4.06774 
4.06774 
4.06774 
4.06774 
4.06774 
4.06774 
4.06774 
4.06774 
4.06774 
4.06774 
4.06774 
4.06774 
4.06774 
4.06774 
4.06774 
4.06774 
4.06774 
4.06774 
4.06774 
4.06774 
4.06774 
4.06774 
4.06774 
4.06774 
4.06774 
4.06774 
4.06774 
4.06774 
4.06774 
4.06774 
4.06774 
4.06774 
4.06774 
4.06774 
4.06774 
4.06774 
4.06774 
4.06774 
4.06774 
4.06774 
4.06774 
4.06774 
4.06774 
4.06774 
4.06774 
4.06774 
4.06774 
4.06774 
4.06774 
4.06774 
4.06774 
4.06774 
4.06774 
4.06774 
4.06774 
4.06774 
4.06774 
4.06774 
4.06774 
4.06774 
4.06774 
4.06774 
4.06774 
4.06774 
4.06774 
4.06774 
4.06774 
4.06774 
4.06774 
4.06774 
4.06774 
4.06774 
4.06774 
4.06774 
4.06774 
4.06774 
4.06774 
4.06774 
4.06774 
4.06774 
4.06774 
4.06774 
4.06774 
4.06774 
4.06774 
4.06774 
4.06774 
4.06774 
4.06774 
4.06774 
4.06774 
4.06774 
4.06774 
4.06774 
4.06774 
4.06774 
4.06774 
4.06774 
4.06774 
4.06774 
4.06774 
4.06774 
4.06774 
4.06774 
4.06774 
4.06774 
4.06774 
4.06774 
4.06774 
4.06774 
4.06774 
4.06774 
4.06774 
4.06774 
4.06774 
4.06774 
4.06774 
4.06774 
4.06774 
4.06774 
4.06774 
4.06774 
4.06774 
4.06774 
4.06774 
4.06774 
4.06774 
4.06774 
4.06774 
4.06774 
4.06774 
4.06774 
4.06774 
4.06774 
4.06774 
4.06774 
4.06774 
4.06774 
4.06774 
4.06774 
4.06774 
4.06774 
4.06774 
4.06774 
4.06774 
4.06774 
4.06774 
4.06774 
4.06774 
4.06774 
4.06774 
4.06774 
4.06774 
4.06774 
4.06774 
4.06774 
4.06774 
4.06774 
4.06774 
4.06774 
4.06774 
4.06774 
4.06774 
4.06774 
4.06774 
4.06774 
4.06774 
4.06774 
4.06774 
4.06774 
4.06774 
4.06774 
4.06774 
4.06774 
4.06774 
4.06774 
4.06774 
4.06774 
4.06774 
4.06774 
4.06774 
4.06774 
4.06774 
4.06774 
4.06774 
4.06774 
4.06774 
4.06774 
4.06774 
4.06774 
4.06774 
4.06774 
4.06774 
4.06774 
4.06774 
4.06774 
4.06774 
4.06774 
4.06774 
4.06774 
4.06774 
4.06774 
4.06774 
4.06774 
4.06774 
4.06774 
4.06774 
4.06774 
4.06774 
4.06774 
4.06774 
4.06774 
4.06774 
4.06774 
4.06774 
4.06774 
4.06774 
4.06774 
4.06774 
4.06774 
4.06774 
4.06774 
4.06774 
4.06774 
4.06774 
4.06774 
4.06774 
4.06774 
4.06774 
4.06774 
4.06774 
4.06774 
4.06774 
4.06774 
4.06774 
4.06774 
4.06774 
4.06774 
4.06774 
4.06774 
4.06774 
4.06774 
4.06774 
4.06774 
4.06774 
4.06774 
4.06774 
4.06774 
4.06774 
4.06774 
4.06774 
4.06774 
4.06774 
4.06774 
4.06774 
4.06774 
4.06774 
4.06774 
4.06774 
4.06774 
4.06774 
4.06774 
4.06774 
4.06774 
4.06774 
4.06774 
4.06774 
4.06774 
4.06774 
4.06774 
4.06774 
4.06774 
4.06774 
4.06774 
4.06774 
4.06774 
4.06774 
4.06774 
4.06774 
4.06774 
4.06774 
4.06774 
4.06774 
4.06774 
4.06774 
4.06774 
4.06774 
4.06774 
4.06774 
4.06774 
4.06774 
4.06774 
4.06774 
4.06774 
4.06774 
4.06774 
4.06774 
4.06774 
4.06774 
4.06774 
4.06774 
4.06774 
4.06774 
4.06774 
4.06774 
4.06774 
4.06774 
4.06774 
4.06774 
4.06774 
4.06774 
4.06774 
4.06774 
4.06774 
4.06774 
4.06774 
4.06774 
4.06774 
4.06774 
4.06774 
4.06774 
4.06774 
4.06774 
4.06774 
4.06774 
4.06774 
4.06774 
4.06774 
4.06774 
4.06774 
4.06774 
4.06774 
4.06774 
4.06774 
4.06774 
4.06774 
4.06774 
4.06774 
4.06774 
4.06774 
4.06774 
4.06774 
4.06774 
4.06774 
4.06774 
4.06774 
4.06774 
4.06774 
4.06774 
4.06774 
4.06774 
4.06774 
4.06774 
4.06774 
4.06774 
4.06774 
4.06774 
4.06774 
4.06774 
4.06774 
4.06774 
4.06774 
4.06774 
4.06774 
4.06774 
4.06774 
4.06774 
4.06774 
4.06774 
4.06774 
4.06774 
4.06774 
4.06774 
4.06774 
4.06774 
4.06774 
4.06774 
4.06774 
4.06774 
4.06774 
4.06774 
4.06774 
4.06774 
4.06774 
4.06774 
4.06774 
4.06774 
4.06774 
4.06774 
4.06774 
4.06774 
4.06774 
4.06774 
4.06774 
4.06774 
4.06774 
4.06774 
4.06774 
4.06774 
4.06774 
4.06774 
4.06774 
4.06774 
4.06774 
4.06774 
4.06774 
4.06774 
4.06774 
4.06774 
4.06774 
4.06774 
4.06774 
4.06774 
4.06774 
4.06774 
4.06774 
4.06774 
4.06774 
4.06774 
4.06774 
4.06774 
4.06774 
4.06774 
4.06774 
4.06774 
4.06774 
4.06774 
4.06774 
4.06774 
4.06774 
4.06774 
4.06774 
4.06774 
4.06774 
4.06774 
4.06774 
4.06774 
4.06774 
4.06774 
4.06774 
4.06774 
4.06774 
4.06774 
4.06774 
4.06774 
4.06774 
4.06774 
4.06774 
4.06774 
4.06774 
4.06774 
4.06774 
4.06774 
4.06774 
4.06774 
4.06774 
4.06774 
4.06774 
4.06774 
4.06774 
4.06774 
4.06774 
4.06774 
4.06774 
4.06774 
4.06774 
4.06774 
4.06774 
4.06774 
4.06774 
4.06774 
4.06774 
4.06774 
4.06774 
4.06774 
4.06774 
4.06774 
4.06774 
4.06774 
4.06774 
4.06774 
4.06774 
4.06774 
4.06774 
4.06774 
4.06774 
4.06774 
4.06774 
4.06774 
4.06774 
4.06774 
4.06774 
4.06774 
4.06774 
4.06774 
4.06774 
4.06774 
4.06774 
4.06774 
4.06774 
4.06774 
4.06774 
4.06774 
4.06774 
4.06774 
4.06774 
4.06774 
4.06774 
4.06774 
4.06774 
4.06774 
4.06774 
4.06774 
4.06774 
4.06774 
4.06774 
4.06774 
4.06774 
4.06774 
4.06774 
4.06774 
4.06774 
4.06774 
4.06774 
4.06774 
4.06774 
4.06774 
4.06774 
4.06774 
4.06774 
4.06774 
4.06774 
4.06774 
4.06774 
4.06774 
4.06774 
4.06774 
4.06774 
4.06774 
4.06774 
4.06774 
4.06774 
4.06774 
4.06774 
4.06774 
4.06774 
4.06774 
4.06774 
4.06774 
4.06774 
4.06774 
4.06774 
4.06774 
4.06774 
4.06774 
4.06774 
4.06774 
4.06774 
4.06774 
4.06774 
4.06774 
4.06774 
4.06774 
4.06774 
4.06774 
4.06774 
4.06774 
4.06774 
4.06774 
4.06774 
4.06774 
4.06774 
4.06774 
4.06774 
4.06774 
4.06774 
4.06774 
4.06774 
4.06774 
4.06774 
4.06774 
4.06774 
4.06774 
4.06774 
4.06774 
4.06774 
4.06774 
4.06774 
4.06774 
4.06774 
4.06774 
4.06774 
4.06774 
4.06774 
4.06774 
4.06774 
4.06774 
4.06774 
4.06774 
4.06774 
4.06774 
4.06774 
4.06774 
4.06774 
4.06774 
4.06774 
4.06774 
4.06774 
4.06774 
4.06774 
4.06774 
4.06774 
4.06774 
4.06774 
4.06774 
4.06774 
4.06774 
4.06774 
4.06774 
4.06774 
4.06774 
4.06774 
4.06774 
4.06774 
4.06774 
4.06774 
4.06774 
4.06774 
4.06774 
4.06774 
4.06774 
4.06774 
4.06774 
4.06774 
4.06774 
4.06774 
4.06774 
4.06774 
4.06774 
4.06774 
4.06774 
4.06774 
4.06774 
4.06774 
4.06774 
4.06774 
4.06774 
4.06774 
4.06774 
4.06774 
4.06774 
4.06774 
4.06774 
4.06774 
4.06774 
4.06774 
4.06774 
4.06774 
4.06774 
4.06774 
4.06774 
4.06774 
4.06774 
4.06774 
4.06774 
4.06774 
4.06774 
4.06774 
4.06774 
4.06774 
4.06774 
4.06774 
4.06774 
4.06774 
4.06774 
4.06774 
4.06774 
4.06774 
4.06774 
4.06774 
4.06774 
4.06774 
4.06774 
4.06774 
4.06774 
4.06774 
4.06774 
4.06774 
4.06774 
4.06774 
4.06774 
4.06774 
4.06774 
4.06774 
4.06774 
4.06774 
4.06774 
4.06774 
4.06774 
4.06774 
4.06774 
4.06774 
4.06774 
4.06774 
4.06774 
4.06774 
4.06774 
4.06774 
4.06774 
4.06774 
4.06774 
4.06774 
4.06774 
4.06774 
4.06774 
4.06774 
4.06774 
4.06774 
4.06774 
4.06774 
4.06774 
4.06774 
4.06774 
4.06774 
4.06774 
4.06774 
4.06774 
4.06774 
4.06774 
4.06774 
4.06774 
4.06774 
4.06774 
4.06774 
4.06774 
4.06774 
4.06774 
4.06774 
4.06774 
4.06774 
4.06774 
4.06774 
4.06774 
4.06774 
4.06774 
4.06774 
4.06774 
4.06774 
4.06774 
4.06774 
4.06774 
4.06774 
4.06774 
4.06774 
4.06774 
4.06774 
4.06774 
4.06774 
4.06774 
4.06774 
4.06774 
4.06774 
4.06774 
4.06774 
4.06774 
4.06774 
4.06774 
4.06774 
4.06774 
4.06774 
4.06774 
4.06774 
4.06774 
4.06774 
4.06774 
4.06774 
4.06774 
4.06774 
4.06774 
4.06774 
4.06774 
4.06774 
4.06774 
4.06774 
4.06774 
4.06774 
4.06774 
4.06774 
4.06774 
4.06774 
4.06774 
4.06774 
4.06774 
4.06774 
4.06774 
4.06774 
4.06774 
4.06774 
4.06774 
4.06774 
4.06774 
4.06774 
4.06774 
4.06774 
4.06774 
4.06774 
4.06774 
4.06774 
4.06774 
4.06774 
4.06774 
4.06774 
4.06774 
4.06774 
4.06774 
4.06774 
4.06774 
4.06774 
4.06774 
4.06774 
4.06774 
4.06774 
4.06774 
4.06774 
4.06774 
4.06774 
4.06774 
4.06774 
4.06774 
4.06774 
4.06774 
4.06774 
4.06774 
4.06774 
4.06774 
4.06774 
4.06774 
4.06774 
4.06774 
4.06774 
4.06774 
4.06774 
4.06774 
4.06774 
4.06774 
4.06774 
4.06774 
4.06774 
4.06774 
4.06774 
4.06774 
4.06774 
4.06774 
4.06774 
4.06774 
4.06774 
4.06774 
4.06774 
4.06774 
4.06774 
4.06774 
4.06774 
4.06774 
4.06774 
4.06774 
4.06774 
4.06774 
4.06774 
4.06774 
4.06774 
4.06774 
4.06774 
4.06774 
4.06774 
4.06774 
4.06774 
4.06774 
4.06774 
4.06774 
4.06774 
4.06774 
4.06774 
4.06774 
4.06774 
4.06774 
4.06774 
4.06774 
4.06774 
4.06774 
4.06774 
4.06774 
4.06774 
4.06774 
4.06774 
4.06774 
4.06774 
4.06774 
4.06774 
4.06774 
4.06774 
4.06774 
4.06774 
4.06774 
4.06774 
4.06774 
4.06774 
4.06774 
4.06774 
4.06774 
4.06774 
4.06774 
4.06774 
4.06774 
4.06774 
4.06774 
4.06774 
4.06774 
4.06774 
4.06774 
4.06774 
4.06774 
4.06774 
4.06774 
4.06774 
4.06774 
4.06774 
4.06774 
4.06774 
4.06774 
4.06774 
4.06774 
4.06774 
4.06774 
4.06774 
4.06774 
4.06774 
4.06774 
4.06774 
4.06774 
4.06774 
4.06774 
4.06774 
4.06774 
4.06774 
4.06774 
4.06774 
4.06774 
4.06774 
4.06774 
4.06774 
4.06774 
4.06774 
4.06774 
4.06774 
4.06774 
4.06774 
4.06774 
4.06774 
4.06774 
4.06774 
4.06774 
4.06774 
4.06774 
4.06774 
4.06774 
4.06774 
4.06774 
4.06774 
4.06774 
4.06774 
4.06774 
4.06774 
4.06774 
4.06774 
4.06774 
4.06774 
4.06774 
4.06774 
4.06774 
4.06774 
4.06774 
4.06774 
4.06774 
4.06774 
4.06774 
4.06774 
4.06774 
4.06774 
4.06774 
4.06774 
4.06774 
4.06774 
4.06774 
4.06774 
4.06774 
4.06774 
4.06774 
4.06774 
4.06774 
4.06774 
4.06774 
4.06774 
4.06774 
4.06774 
4.06774 
4.06774 
4.06774 
4.06774 
4.06774 
4.06774 
4.06774 
4.06774 
4.06774 
4.06774 
4.06774 
4.06774 
4.06774 
4.06774 
4.06774 
4.06774 
4.06774 
4.06774 
4.06774 
4.06774 
4.06774 
4.06774 
4.06774 
4.06774 
4.06774 
4.06774 
4.06774 
4.06774 
4.06774 
4.06774 
4.06774 
4.06774 
4.06774 
4.06774 
4.06774 
4.06774 
4.06774 
4.06774 
4.06774 
4.06774 
4.06774 
4.06774 
4.06774 
4.06774 
4.06774 
4.06774 
4.06774 
4.06774 
4.06774 
4.06774 
4.06774 
4.06774 
4.06774 
4.06774 
4.06774 
4.06774 
4.06774 
4.06774 
4.06774 
4.06774 
4.06774 
4.06774 
4.06774 
4.06774 
4.06774 
4.06774 
4.06774 
4.06774 
4.06774 
4.06774 
4.06774 
4.06774 
4.06774 
4.06774 
4.06774 
4.06774 
4.06774 
4.06774 
4.06774 
4.06774 
4.06774 
4.06774 
4.06774 
4.06774 
4.06774 
4.06774 
4.06774 
4.06774 
4.06774 
4.06774 
4.06774 
4.06774 
4.06774 
4.06774 
4.06774 
4.06774 
4.06774 
4.06774 
4.06774 
4.06774 
4.06774 
4.06774 
4.06774 
4.06774 
4.06774 
4.06774 
4.06774 
4.06774 
4.06774 
4.06774 
4.06774 
4.06774 
4.06774 
4.06774 
4.06774 
4.06774 
4.06774 
4.06774 
4.06774 
4.06774 
4.06774 
4.06774 
4.06774 
4.06774 
4.06774 
4.06774 
4.06774 
4.06774 
4.06774 
4.06774 
4.06774 
4.06774 
4.06774 
4.06774 
4.06774 
4.06774 
4.06774 
4.06774 
4.06774 
4.06774 
4.06774 
4.06774 
4.06774 
4.06774 
4.06774 
4.06774 
4.06774 
4.06774 
4.06774 
4.06774 
4.06774 
4.06774 
4.06774 
4.06774 
4.06774 
4.06774 
4.06774 
4.06774 
4.06774 
4.06774 
4.06774 
4.06774 
4.06774 
4.06774 
4.06774 
4.06774 
4.06774 
4.06774 
4.06774 
4.06774 
4.06774 
4.06774 
4.06774 
4.06774 
4.06774 
4.06774 
4.06774 
4.06774 
4.06774 
4.06774 
4.06774 
4.06774 
4.06774 
4.06774 
4.06774 
4.06774 
4.06774 
4.06774 
4.06774 
4.06774 
4.06774 
4.06774 
4.06774 
4.06774 
4.06774 
4.06774 
4.06774 
4.06774 
4.06774 
4.06774 
4.06774 
4.06774 
4.06774 
4.06774 
4.06774 
4.06774 
4.06774 
4.06774 
4.06774 
4.06774 
4.06774 
4.06774 
4.06774 
4.06774 
4.06774 
4.06774 
4.06774 
4.06774 
4.06774 
4.06774 
4.06774 
4.06774 
4.06774 
4.06774 
4.06774 
4.06774 
4.06774 
4.06774 
4.06774 
4.06774 
4.06774 
4.06774 
4.06774 
4.06774 
4.06774 
4.06774 
4.06774 
4.06774 
4.06774 
4.06774 
4.06774 
4.06774 
4.06774 
4.06774 
4.06774 
4.06774 
4.06774 
4.06774 
4.06774 
4.06774 
4.06774 
4.06774 
4.06774 
4.06774 
4.06774 
4.06774 
4.06774 
4.06774 
4.06774 
4.06774 
4.06774 
4.06774 
4.06774 
4.06774 
4.06774 
4.06774 
4.06774 
4.06774 
4.06774 
4.06774 
4.06774 
4.06774 
4.06774 
4.06774 
4.06774 
4.06774 
4.06774 
4.06774 
4.06774 
4.06774 
4.06774 
4.06774 
4.06774 
4.06774 
4.06774 
4.06774 
4.06774 
4.06774 
4.06774 
4.06774 
4.06774 
4.06774 
4.06774 
4.06774 
4.06774 
4.06774 
4.06774 
4.06774 
4.06774 
4.06774 
4.06774 
4.06774 
4.06774 
4.06774 
4.06774 
4.06774 
4.06774 
4.06774 
4.06774 
4.06774 
4.06774 
4.06774 
4.06774 
4.06774 
4.06774 
4.06774 
4.06774 
4.06774 
4.06774 
4.06774 
4.06774 
4.06774 
4.06774 
4.06774 
4.06774 
4.06774 
4.06774 
4.06774 
4.06774 
4.06774 
4.06774 
4.06774 
4.06774 
4.06774 
4.06774 
4.06774 
4.06774 
4.06774 
4.06774 
4.06774 
4.06774 
4.06774 
4.06774 
4.06774 
4.06774 
4.06774 
4.06774 
4.06774 
4.06774 
4.06774 
4.06774 
4.06774 
4.06774 
4.06774 
4.06774 
4.06774 
4.06774 
4.06774 
4.06774 
4.06774 
4.06774 
4.06774 
4.06774 
4.06774 
4.06774 
4.06774 
4.06774 
4.06774 
4.06774 
4.06774 
4.06774 
4.06774 
4.06774 
4.06774 
4.06774 
4.06774 
4.06774 
4.06774 
4.06774 
4.06774 
4.06774 
4.06774 
4.06774 
4.06774 
4.06774 
4.06774 
4.06774 
4.06774 
4.06774 
4.06774 
4.06774 
4.06774 
4.06774 
4.06774 
4.06774 
4.06774 
4.06774 
4.06774 
4.06774 
4.06774 
4.06774 
4.06774 
4.06774 
4.06774 
4.06774 
4.06774 
4.06774 
4.06774 
4.06774 
4.06774 
4.06774 
4.06774 
4.06774 
4.06774 
4.06774 
4.06774 
4.06774 
4.06774 
4.06774 
4.06774 
4.06774 
4.06774 
4.06774 
4.06774 
4.06774 
4.06774 
4.06774 
4.06774 
4.06774 
4.06774 
4.06774 
4.06774 
4.06774 
4.06774 
4.06774 
4.06774 
4.06774 
4.06774 
4.06774 
4.06774 
4.06774 
4.06774 
4.06774 
4.06774 
4.06774 
4.06774 
4.06774 
4.06774 
4.06774 
4.06774 
4.06774 
4.06774 
4.06774 
4.06774 
4.06774 
4.06774 
4.06774 
4.06774 
4.06774 
4.06774 
4.06774 
4.06774 
4.06774 
4.06774 
4.06774 
4.06774 
4.06774 
4.06774 
4.06774 
4.06774 
4.06774 
4.06774 
4.06774 
4.06774 
4.06774 
4.06774 
4.06774 
4.06774 
4.06774 
4.06774 
4.06774 
4.06774 
4.06774 
4.06774 
4.06774 
4.06774 
4.06774 
4.06774 
4.06774 
4.06774 
4.06774 
4.06774 
4.06774 
4.06774 
4.06774 
4.06774 
4.06774 
4.06774 
4.06774 
4.06774 
4.06774 
4.06774 
4.06774 
4.06774 
4.06774 
4.06774 
4.06774 
4.06774 
4.06774 
4.06774 
4.06774 
4.06774 
4.06774 
4.06774 
4.06774 
4.06774 
4.06774 
4.06774 
4.06774 
4.06774 
4.06774 
4.06774 
4.06774 
4.06774 
4.06774 
4.06774 
4.06774 
4.06774 
4.06774 
4.06774 
4.06774 
4.06774 
4.06774 
4.06774 
4.06774 
4.06774 
4.06774 
4.06774 
4.06774 
4.06774 
4.06774 
4.06774 
4.06774 
4.06774 
4.06774 
4.06774 
4.06774 
4.06774 
4.06774 
4.06774 
4.06774 
4.06774 
4.06774 
4.06774 
4.06774 
4.06774 
4.06774 
4.06774 
4.06774 
4.06774 
4.06774 
4.06774 
4.06774 
4.06774 
4.06774 
4.06774 
4.06774 
4.06774 
4.06774 
4.06774 
4.06774 
4.06774 
4.06774 
4.06774 
4.06774 
4.06774 
4.06774 
4.06774 
4.06774 
4.06774 
4.06774 
4.06774 
4.06774 
4.06774 
4.06774 
4.06774 
4.06774 
4.06774 
4.06774 
4.06774 
4.06774 
4.06774 
4.06774 
4.06774 
4.06774 
4.06774 
4.06774 
4.06774 
4.06774 
4.06774 
4.06774 
4.06774 
4.06774 
4.06774 
4.06774 
4.06774 
4.06774 
4.06774 
4.06774 
4.06774 
4.06774 
4.06774 
4.06774 
4.06774 
4.06774 
4.06774 
4.06774 
4.06774 
4.06774 
4.06774 
4.06774 
4.06774 
4.06774 
4.06774 
4.06774 
4.06774 
4.06774 
4.06774 
4.06774 
4.06774 
4.06774 
4.06774 
4.06774 
4.06774 
4.06774 
4.06774 
4.06774 
4.06774 
4.06774 
4.06774 
4.06774 
4.06774 
4.06774 
4.06774 
4.06774 
4.06774 
4.06774 
4.06774 
4.06774 
4.06774 
4.06774 
4.06774 
4.06774 
4.06774 
4.06774 
4.06774 
4.06774 
4.06774 
4.06774 
4.06774 
4.06774 
4.06774 
4.06774 
4.06774 
4.06774 
4.06774 
4.06774 
4.06774 
4.06774 
4.06774 
4.06774 
4.06774 
4.06774 
4.06774 
4.06774 
4.06774 
4.06774 
4.06774 
4.06774 
4.06774 
4.06774 
4.06774 
4.06774 
4.06774 
4.06774 
4.06774 
4.06774 
4.06774 
4.06774 
4.06774 
4.06774 
4.06774 
4.06774 
4.06774 
4.06774 
4.06774 
4.06774 
4.06774 
4.06774 
4.06774 
4.06774 
4.06774 
4.06774 
4.06774 
4.06774 
4.06774 
4.06774 
4.06774 
4.06774 
4.06774 
4.06774 
4.06774 
4.06774 
4.06774 
4.06774 
4.06774 
4.06774 
4.06774 
4.06774 
4.06774 
4.06774 
4.06774 
4.06774 
4.06774 
4.06774 
4.06774 
4.06774 
4.06774 
4.06774 
4.06774 
4.06774 
4.06774 
4.06774 
4.06774 
4.06774 
4.06774 
4.06774 
4.06774 
4.06774 
4.06774 
4.06774 
4.06774 
4.06774 
4.06774 
4.06774 
4.06774 
4.06774 
4.06774 
4.06774 
4.06774 
4.06774 
4.06774 
4.06774 
4.06774 
4.06774 
4.06774 
4.06774 
4.06774 
4.06774 
4.06774 
4.06774 
4.06774 
4.06774 
4.06774 
4.06774 
4.06774 
4.06774 
4.06774 
4.06774 
4.06774 
4.06774 
4.06774 
4.06774 
4.06774 
4.06774 
4.06774 
4.06774 
4.06774 
4.06774 
4.06774 
4.06774 
4.06774 
4.06774 
4.06774 
4.06774 
4.06774 
4.06774 
4.06774 
4.06774 
4.06774 
4.06774 
4.06774 
4.06774 
4.06774 
4.06774 
4.06774 
4.06774 
4.06774 
4.06774 
4.06774 
4.06774 
4.06774 
4.06774 
4.06774 
4.06774 
4.06774 
4.06774 
4.06774 
4.06774 
4.06774 
4.06774 
4.06774 
4.06774 
4.06774 
4.06774 
4.06774 
4.06774 
4.06774 
4.06774 
4.06774 
4.06774 
4.06774 
4.06774 
4.06774 
4.06774 
4.06774 
4.06774 
4.06774 
4.06774 
4.06774 
4.06774 
4.06774 
4.06774 
4.06774 
4.06774 
4.06774 
4.06774 
4.06774 
4.06774 
4.06774 
4.06774 
4.06774 
4.06774 
4.06774 
4.06774 
4.06774 
4.06774 
4.06774 
4.06774 
4.06774 
4.06774 
4.06774 
4.06774 
4.06774 
4.06774 
4.06774 
4.06774 
4.06774 
4.06774 
4.06774 
4.06774 
4.06774 
4.06774 
4.06774 
4.06774 
4.06774 
4.06774 
4.06774 
4.06774 
4.06774 
4.06774 
4.06774 
4.06774 
4.06774 
4.06774 
4.06774 
4.06774 
4.06774 
4.06774 
4.06774 
4.06774 
4.06774 
4.06774 
4.06774 
4.06774 
4.06774 
4.06774 
4.06774 
4.06774 
4.06774 
4.06774 
4.06774 
4.06774 
4.06774 
4.06774 
4.06774 
4.06774 
4.06774 
4.06774 
4.06774 
4.06774 
4.06774 
4.06774 
4.06774 
4.06774 
4.06774 
4.06774 
4.06774 
4.06774 
4.06774 
4.06774 
4.06774 
4.06774 
4.06774 
4.06774 
4.06774 
4.06774 
4.06774 
4.06774 
4.06774 
4.06774 
4.06774 
4.06774 
4.06774 
4.06774 
4.06774 
4.06774 
4.06774 
4.06774 
4.06774 
4.06774 
4.06774 
4.06774 
4.06774 
4.06774 
4.06774 
4.06774 
4.06774 
4.06774 
4.06774 
4.06774 
4.06774 
4.06774 
4.06774 
4.06774 
4.06774 
4.06774 
4.06774 
4.06774 
4.06774 
4.06774 
4.06774 
4.06774 
4.06774 
4.06774 
4.06774 
4.06774 
4.06774 
4.06774 
4.06774 
4.06774 
4.06774 
4.06774 
4.06774 
4.06774 
4.06774 
4.06774 
4.06774 
4.06774 
4.06774 
4.06774 
4.06774 
4.06774 
4.06774 
4.06774 
4.06774 
4.06774 
4.06774 
4.06774 
4.06774 
4.06774 
4.06774 
4.06774 
4.06774 
4.06774 
4.06774 
4.06774 
4.06774 
4.06774 
4.06774 
4.06774 
4.06774 
4.06774 
4.06774 
4.06774 
4.06774 
4.06774 
4.06774 
4.06774 
4.06774 
4.06774 
4.06774 
4.06774 
4.06774 
4.06774 
4.06774 
4.06774 
4.06774 
4.06774 
4.06774 
4.06774 
4.06774 
4.06774 
4.06774 
4.06774 
4.06774 
4.06774 
4.06774 
4.06774 
4.06774 
4.06774 
4.06774 
4.06774 
4.06774 
4.06774 
4.06774 
4.06774 
4.06774 
4.06774 
4.06774 
4.06774 
4.06774 
4.06774 
4.06774 
4.06774 
4.06774 
4.06774 
4.06774 
4.06774 
4.06774 
4.06774 
4.06774 
4.06774 
4.06774 
4.06774 
4.06774 
4.06774 
4.06774 
4.06774 
4.06774 
4.06774 
4.06774 
4.06774 
4.06774 
4.06774 
4.06774 
4.06774 
4.06774 
4.06774 
4.06774 
4.06774 
4.06774 
4.06774 
4.06774 
4.06774 
4.06774 
4.06774 
4.06774 
4.06774 
4.06774 
4.06774 
4.06774 
4.06774 
4.06774 
4.06774 
4.06774 
4.06774 
4.06774 
4.06774 
4.06774 
4.06774 
4.06774 
4.06774 
4.06774 
4.06774 
4.06774 
4.06774 
4.06774 
4.06774 
4.06774 
4.06774 
4.06774 
4.06774 
4.06774 
4.06774 
4.06774 
4.06774 
4.06774 
4.06774 
4.06774 
4.06774 
4.06774 
4.06774 
4.06774 
4.06774 
4.06774 
4.06774 
4.06774 
4.06774 
4.06774 
4.06774 
4.06774 
4.06774 
4.06774 
4.06774 
4.06774 
4.06774 
4.06774 
4.06774 
4.06774 
4.06774 
4.06774 
4.06774 
4.06774 
4.06774 
4.06774 
4.06774 
4.06774 
4.06774 
4.06774 
4.06774 
4.06774 
4.06774 
4.06774 
4.06774 
4.06774 
4.06774 
4.06774 
4.06774 
4.06774 
4.06774 
4.06774 
4.06774 
4.06774 
4.06774 
4.06774 
4.06774 
4.06774 
4.06774 
4.06774 
4.06774 
4.06774 
4.06774 
4.06774 
4.06774 
4.06774 
4.06774 
4.06774 
4.06774 
4.06774 
4.06774 
4.06774 
4.06774 
4.06774 
4.06774 
4.06774 
4.06774 
4.06774 
4.06774 
4.06774 
4.06774 
4.06774 
4.06774 
4.06774 
4.06774 
4.06774 
4.06774 
4.06774 
4.06774 
4.06774 
4.06774 
4.06774 
4.06774 
4.06774 
4.06774 
4.06774 
4.06774 
4.06774 
4.06774 
4.06774 
4.06774 
4.06774 
4.06774 
4.06774 
4.06774 
4.06774 
4.06774 
4.06774 
4.06774 
4.06774 
4.06774 
4.06774 
4.06774 
4.06774 
4.06774 
4.06774 
4.06774 
4.06774 
4.06774 
4.06774 
4.06774 
4.06774 
4.06774 
4.06774 
4.06774 
4.06774 
4.06774 
4.06774 
4.06774 
4.06774 
4.06774 
4.06774 
4.06774 
4.06774 
4.06774 
4.06774 
4.06774 
4.06774 
4.06774 
4.06774 
4.06774 
4.06774 
4.06774 
4.06774 
4.06774 
4.06774 
4.06774 
4.06774 
4.06774 
4.06774 
4.06774 
4.06774 
4.06774 
4.06774 
4.06774 
4.06774 
4.06774 
4.06774 
4.06774 
4.06774 
4.06774 
4.06774 
4.06774 
4.06774 
4.06774 
4.06774 
4.06774 
4.06774 
4.06774 
4.06774 
4.06774 
4.06774 
4.06774 
4.06774 
4.06774 
4.06774 
4.06774 
4.06774 
4.06774 
4.06774 
4.06774 
4.06774 
4.06774 
4.06774 
4.06774 
4.06774 
4.06774 
4.06774 
4.06774 
4.06774 
4.06774 
4.06774 
4.06774 
4.06774 
4.06774 
4.06774 
4.06774 
4.06774 
4.06774 
4.06774 
4.06774 
4.06774 
4.06774 
4.06774 
4.06774 
4.06774 
4.06774 
4.06774 
4.06774 
4.06774 
4.06774 
4.06774 
4.06774 
4.06774 
4.06774 
4.06774 
4.06774 
4.06774 
4.06774 
4.06774 
4.06774 
4.06774 
4.06774 
4.06774 
4.06774 
4.06774 
4.06774 
4.06774 
4.06774 
4.06774 
4.06774 
4.06774 
4.06774 
4.06774 
4.06774 
4.06774 
4.06774 
4.06774 
4.06774 
4.06774 
4.06774 
4.06774 
4.06774 
4.06774 
4.06774 
4.06774 
4.06774 
4.06774 
4.06774 
4.06774 
4.06774 
4.06774 
4.06774 
4.06774 
4.06774 
4.06774 
4.06774 
4.06774 
4.06774 
4.06774 
4.06774 
4.06774 
4.06774 
4.06774 
4.06774 
4.06774 
4.06774 
4.06774 
4.06774 
4.06774 
4.06774 
4.06774 
4.06774 
4.06774 
4.06774 
4.06774 
4.06774 
4.06774 
4.06774 
4.06774 
4.06774 
4.06774 
4.06774 
4.06774 
4.06774 
4.06774 
4.06774 
4.06774 
4.06774 
4.06774 
4.06774 
4.06774 
4.06774 
4.06774 
4.06774 
4.06774 
4.06774 
4.06774 
4.06774 
4.06774 
4.06774 
4.06774 
4.06774 
4.06774 
4.06774 
4.06774 
4.06774 
4.06774 
4.06774 
4.06774 
4.06774 
4.06774 
4.06774 
4.06774 
4.06774 
4.06774 
4.06774 
4.06774 
4.06774 
4.06774 
4.06774 
4.06774 
4.06774 
4.06774 
4.06774 
4.06774 
4.06774 
4.06774 
4.06774 
4.06774 
4.06774 
4.06774 
4.06774 
4.06774 
4.06774 
4.06774 
4.06774 
4.06774 
4.06774 
4.06774 
4.06774 
4.06774 
4.06774 
4.06774 
4.06774 
4.06774 
4.06774 
4.06774 
4.06774 
4.06774 
4.06774 
4.06774 
4.06774 
4.06774 
4.06774 
4.06774 
4.06774 
4.06774 
4.06774 
4.06774 
4.06774 
4.06774 
4.06774 
4.06774 
4.06774 
4.06774 
4.06774 
4.06774 
4.06774 
4.06774 
4.06774 
4.06774 
4.06774 
4.06774 
4.06774 
4.06774 
4.06774 
4.06774 
4.06774 
4.06774 
4.06774 
4.06774 
4.06774 
4.06774 
4.06774 
4.06774 
4.06774 
4.06774 
4.06774 
4.06774 
4.06774 
4.06774 
4.06774 
4.06774 
4.06774 
4.06774 
4.06774 
4.06774 
4.06774 
4.06774 
4.06774 
4.06774 
4.06774 
4.06774 
4.06774 
4.06774 
4.06774 
4.06774 
4.06774 
4.06774 
4.06774 
4.06774 
4.06774 
4.06774 
4.06774 
4.06774 
4.06774 
4.06774 
4.06774 
4.06774 
4.06774 
4.06774 
4.06774 
4.06774 
4.06774 
4.06774 
4.06774 
4.06774 
4.06774 
4.06774 
4.06774 
4.06774 
4.06774 
4.06774 
4.06774 
4.06774 
4.06774 
4.06774 
4.06774 
4.06774 
4.06774 
4.06774 
4.06774 
4.06774 
4.06774 
4.06774 
4.06774 
4.06774 
4.06774 
4.06774 
4.06774 
4.06774 
4.06774 
4.06774 
4.06774 
4.06774 
4.06774 
4.06774 
4.06774 
4.06774 
4.06774 
4.06774 
4.06774 
4.06774 
4.06774 
4.06774 
4.06774 
4.06774 
4.06774 
4.06774 
4.06774 
4.06774 
4.06774 
4.06774 
4.06774 
4.06774 
4.06774 
4.06774 
4.06774 
4.06774 
4.06774 
4.06774 
4.06774 
4.06774 
4.06774 
4.06774 
4.06774 
4.06774 
4.06774 
4.06774 
4.06774 
4.06774 
4.06774 
4.06774 
4.06774 
4.06774 
4.06774 
4.06774 
4.06774 
4.06774 
4.06774 
4.06774 
4.06774 
4.06774 
4.06774 
4.06774 
4.06774 
4.06774 
4.06774 
4.06774 
4.06774 
4.06774 
4.06774 
4.06774 
4.06774 
4.06774 
4.06774 
4.06774 
4.06774 
4.06774 
4.06774 
4.06774 
4.06774 
4.06774 
4.06774 
4.06774 
4.06774 
4.06774 
4.06774 
4.06774 
4.06774 
4.06774 
4.06774 
4.06774 
4.06774 
4.06774 
4.06774 
4.06774 
4.06774 
4.06774 
4.06774 
4.06774 
4.06774 
4.06774 
4.06774 
4.06774 
4.06774 
4.06774 
4.06774 
4.06774 
4.06774 
4.06774 
4.06774 
4.06774 
4.06774 
4.06774 
4.06774 
4.06774 
4.06774 
4.06774 
4.06774 
4.06774 
4.06774 
4.06774 
4.06774 
4.06774 
4.06774 
4.06774 
4.06774 
4.06774 
4.06774 
4.06774 
4.06774 
4.06774 
4.06774 
4.06774 
4.06774 
4.06774 
4.06774 
4.06774 
4.06774 
4.06774 
4.06774 
4.06774 
4.06774 
4.06774 
4.06774 
4.06774 
4.06774 
4.06774 
4.06774 
4.06774 
4.06774 
4.06774 
4.06774 
4.06774 
4.06774 
4.06774 
4.06774 
4.06774 
4.06774 
4.06774 
4.06774 
4.06774 
4.06774 
4.06774 
4.06774 
4.06774 
4.06774 
4.06774 
4.06774 
4.06774 
4.06774 
4.06774 
4.06774 
4.06774 
4.06774 
4.06774 
4.06774 
4.06774 
4.06774 
4.06774 
4.06774 
4.06774 
4.06774 
4.06774 
4.06774 
4.06774 
4.06774 
4.06774 
4.06774 
4.06774 
4.06774 
4.06774 
4.06774 
4.06774 
4.06774 
4.06774 
4.06774 
4.06774 
4.06774 
4.06774 
4.06774 
4.06774 
4.06774 
4.06774 
4.06774 
4.06774 
4.06774 
4.06774 
4.06774 
4.06774 
4.06774 
4.06774 
4.06774 
4.06774 
4.06774 
4.06774 
4.06774 
4.06774 
4.06774 
4.06774 
4.06774 
4.06774 
4.06774 
4.06774 
4.06774 
4.06774 
4.06774 
4.06774 
4.06774 
4.06774 
4.06774 
4.06774 
4.06774 
4.06774 
4.06774 
4.06774 
4.06774 
4.06774 
4.06774 
4.06774 
4.06774 
4.06774 
4.06774 
4.06774 
4.06774 
4.06774 
4.06774 
4.06774 
4.06774 
4.06774 
4.06774 
4.06774 
4.06774 
4.06774 
4.06774 
4.06774 
4.06774 
4.06774 
4.06774 
4.06774 
4.06774 
4.06774 
4.06774 
4.06774 
4.06774 
4.06774 
4.06774 
4.06774 
4.06774 
4.06774 
4.06774 
4.06774 
4.06774 
4.06774 
4.06774 
4.06774 
4.06774 
4.06774 
4.06774 
4.06774 
4.06774 
4.06774 
4.06774 
4.06774 
4.06774 
4.06774 
4.06774 
4.06774 
4.06774 
4.06774 
4.06774 
4.06774 
4.06774 
4.06774 
4.06774 
4.06774 
4.06774 
4.06774 
4.06774 
4.06774 
4.06774 
4.06774 
4.06774 
4.06774 
4.06774 
4.06774 
4.06774 
4.06774 
4.06774 
4.06774 
4.06774 
4.06774 
4.06774 
4.06774 
4.06774 
4.06774 
4.06774 
4.06774 
4.06774 
4.06774 
4.06774 
4.06774 
4.06774 
4.06774 
4.06774 
4.06774 
4.06774 
4.06774 
4.06774 
4.06774 
4.06774 
4.06774 
4.06774 
4.06774 
4.06774 
4.06774 
4.06774 
4.06774 
4.06774 
4.06774 
4.06774 
4.06774 
4.06774 
4.06774 
4.06774 
4.06774 
4.06774 
4.06774 
4.06774 
4.06774 
4.06774 
4.06774 
4.06774 
4.06774 
4.06774 
4.06774 
4.06774 
4.06774 
4.06774 
4.06774 
4.06774 
4.06774 
4.06774 
4.06774 
4.06774 
4.06774 
4.06774 
4.06774 
4.06774 
4.06774 
4.06774 
4.06774 
4.06774 
4.06774 
4.06774 
4.06774 
4.06774 
4.06774 
4.06774 
4.06774 
4.06774 
4.06774 
4.06774 
4.06774 
4.06774 
4.06774 
4.06774 
4.06774 
4.06774 
4.06774 
4.06774 
4.06774 
4.06774 
4.06774 
4.06774 
4.06774 
4.06774 
4.06774 
4.06774 
4.06774 
4.06774 
4.06774 
4.06774 
4.06774 
4.06774 
4.06774 
4.06774 
4.06774 
4.06774 
4.06774 
4.06774 
4.06774 
4.06774 
4.06774 
4.06774 
4.06774 
4.06774 
4.06774 
4.06774 
4.06774 
4.06774 
4.06774 
4.06774 
4.06774 
4.06774 
4.06774 
4.06774 
4.06774 
4.06774 
4.06774 
4.06774 
4.06774 
4.06774 
4.06774 
4.06774 
4.06774 
4.06774 
4.06774 
4.06774 
4.06774 
4.06774 
4.06774 
4.06774 
4.06774 
4.06774 
4.06774 
4.06774 
4.06774 
4.06774 
4.06774 
4.06774 
4.06774 
4.06774 
4.06774 
4.06774 
4.06774 
4.06774 
4.06774 
4.06774 
4.06774 
4.06774 
4.06774 
4.06774 
4.06774 
4.06774 
4.06774 
4.06774 
4.06774 
4.06774 
4.06774 
4.06774 
4.06774 
4.06774 
4.06774 
4.06774 
4.06774 
4.06774 
4.06774 
4.06774 
4.06774 
4.06774 
4.06774 
4.06774 
4.06774 
4.06774 
4.06774 
4.06774 
4.06774 
4.06774 
4.06774 
4.06774 
4.06774 
4.06774 
4.06774 
4.06774 
4.06774 
4.06774 
4.06774 
4.06774 
4.06774 
4.06774 
4.06774 
4.06774 
4.06774 
4.06774 
4.06774 
4.06774 
4.06774 
4.06774 
4.06774 
4.06774 
4.06774 
4.06774 
4.06774 
4.06774 
4.06774 
4.06774 
4.06774 
4.06774 
4.06774 
4.06774 
4.06774 
4.06774 
4.06774 
4.06774 
4.06774 
4.06774 
4.06774 
4.06774 
4.06774 
4.06774 
4.06774 
4.06774 
4.06774 
4.06774 
4.06774 
4.06774 
4.06774 
4.06774 
4.06774 
4.06774 
4.06774 
4.06774 
4.06774 
4.06774 
4.06774 
4.06774 
4.06774 
4.06774 
4.06774 
4.06774 
4.06774 
4.06774 
4.06774 
4.06774 
4.06774 
4.06774 
4.06774 
4.06774 
4.06774 
4.06774 
4.06774 
4.06774 
4.06774 
4.06774 
4.06774 
4.06774 
4.06774 
4.06774 
4.06774 
4.06774 
4.06774 
4.06774 
4.06774 
4.06774 
4.06774 
4.06774 
4.06774 
4.06774 
4.06774 
4.06774 
4.06774 
4.06774 
4.06774 
4.06774 
4.06774 
4.06774 
4.06774 
4.06774 
4.06774 
4.06774 
4.06774 
4.06774 
4.06774 
4.06774 
4.06774 
4.06774 
4.06774 
4.06774 
4.06774 
4.06774 
4.06774 
4.06774 
4.06774 
4.06774 
4.06774 
4.06774 
4.06774 
4.06774 
4.06774 
4.06774 
4.06774 
4.06774 
4.06774 
4.06774 
4.06774 
4.06774 
4.06774 
4.06774 
4.06774 
4.06774 
4.06774 
4.06774 
4.06774 
4.06774 
4.06774 
4.06774 
4.06774 
4.06774 
4.06774 
4.06774 
4.06774 
4.06774 
4.06774 
4.06774 
4.06774 
4.06774 
4.06774 
4.06774 
4.06774 
4.06774 
4.06774 
4.06774 
4.06774 
4.06774 
4.06774 
4.06774 
4.06774 
4.06774 
4.06774 
4.06774 
4.06774 
4.06774 
4.06774 
4.06774 
4.06774 
4.06774 
4.06774 
4.06774 
4.06774 
4.06774 
4.06774 
4.06774 
4.06774 
4.06774 
4.06774 
4.06774 
4.06774 
4.06774 
4.06774 
4.06774 
4.06774 
4.06774 
4.06774 
4.06774 
4.06774 
4.06774 
4.06774 
4.06774 
4.06774 
4.06774 
4.06774 
4.06774 
4.06774 
4.06774 
4.06774 
4.06774 
4.06774 
4.06774 
4.06774 
4.06774 
4.06774 
4.06774 
4.06774 
4.06774 
4.06774 
4.06774 
4.06774 
4.06774 
4.06774 
4.06774 
4.06774 
4.06774 
4.06774 
4.06774 
4.06774 
4.06774 
4.06774 
4.06774 
4.06774 
4.06774 
4.06774 
4.06774 
4.06774 
4.06774 
4.06774 
4.06774 
4.06774 
4.06774 
4.06774 
4.06774 
4.06774 
4.06774 
4.06774 
4.06774 
4.06774 
4.06774 
4.06774 
4.06774 
4.06774 
4.06774 
4.06774 
4.06774 
4.06774 
4.06774 
4.06774 
4.06774 
4.06774 
4.06774 
4.06774 
4.06774 
4.06774 
4.06774 
4.06774 
4.06774 
4.06774 
4.06774 
4.06774 
4.06774 
4.06774 
4.06774 
4.06774 
4.06774 
4.06774 
4.06774 
4.06774 
4.06774 
4.06774 
4.06774 
4.06774 
4.06774 
4.06774 
4.06774 
4.06774 
4.06774 
4.06774 
4.06774 
4.06774 
4.06774 
4.06774 
4.06774 
4.06774 
4.06774 
4.06774 
4.06774 
4.06774 
4.06774 
4.06774 
4.06774 
4.06774 
4.06774 
4.06774 
4.06774 
4.06774 
4.06774 
4.06774 
4.06774 
4.06774 
4.06774 
4.06774 
4.06774 
4.06774 
4.06774 
4.06774 
4.06774 
4.06774 
4.06774 
4.06774 
4.06774 
4.06774 
4.06774 
4.06774 
4.06774 
4.06774 
4.06774 
4.06774 
4.06774 
4.06774 
4.06774 
4.06774 
4.06774 
4.06774 
4.06774 
4.06774 
4.06774 
4.06774 
4.06774 
4.06774 
4.06774 
4.06774 
4.06774 
4.06774 
4.06774 
4.06774 
4.06774 
4.06774 
4.06774 
4.06774 
4.06774 
4.06774 
4.06774 
4.06774 
4.06774 
4.06774 
4.06774 
4.06774 
4.06774 
4.06774 
4.06774 
4.06774 
4.06774 
4.06774 
4.06774 
4.06774 
4.06774 
4.06774 
4.06774 
4.06774 
4.06774 
4.06774 
4.06774 
4.06774 
4.06774 
4.06774 
4.06774 
4.06774 
4.06774 
4.06774 
4.06774 
4.06774 
4.06774 
4.06774 
4.06774 
4.06774 
4.06774 
4.06774 
4.06774 
4.06774 
4.06774 
4.06774 
4.06774 
4.06774 
4.06774 
4.06774 
4.06774 
4.06774 
4.06774 
4.06774 
4.06774 
4.06774 
4.06774 
4.06774 
4.06774 
4.06774 
4.06774 
4.06774 
4.06774 
4.06774 
4.06774 
4.06774 
4.06774 
4.06774 
4.06774 
4.06774 
4.06774 
4.06774 
4.06774 
4.06774 
4.06774 
4.06774 
4.06774 
4.06774 
4.06774 
4.06774 
4.06774 
4.06774 
4.06774 
4.06774 
4.06774 
4.06774 
4.06774 
4.06774 
4.06774 
4.06774 
4.06774 
4.06774 
4.06774 
4.06774 
4.06774 
4.06774 
4.06774 
4.06774 
4.06774 
4.06774 
4.06774 
4.06774 
4.06774 
4.06774 
4.06774 
4.06774 
4.06774 
4.06774 
4.06774 
4.06774 
4.06774 
4.06774 
4.06774 
4.06774 
4.06774 
4.06774 
4.06774 
4.06774 
4.06774 
4.06774 
4.06774 
4.06774 
4.06774 
4.06774 
4.06774 
4.06774 
4.06774 
4.06774 
4.06774 
4.06774 
4.06774 
4.06774 
4.06774 
4.06774 
4.06774 
4.06774 
4.06774 
4.06774 
4.06774 
4.06774 
4.06774 
4.06774 
4.06774 
4.06774 
4.06774 
4.06774 
4.06774 
4.06774 
4.06774 
4.06774 
4.06774 
4.06774 
4.06774 
4.06774 
4.06774 
4.06774 
4.06774 
4.06774 
4.06774 
4.06774 
4.06774 
4.06774 
4.06774 
4.06774 
4.06774 
4.06774 
4.06774 
4.06774 
4.06774 
4.06774 
4.06774 
4.06774 
4.06774 
4.06774 
4.06774 
4.06774 
4.06774 
4.06774 
4.06774 
4.06774 
4.06774 
4.06774 
4.06774 
4.06774 
4.06774 
4.06774 
4.06774 
4.06774 
4.06774 
4.06774 
4.06774 
4.06774 
4.06774 
4.06774 
4.06774 
4.06774 
4.06774 
4.06774 
4.06774 
4.06774 
4.06774 
4.06774 
4.06774 
4.06774 
4.06774 
4.06774 
4.06774 
4.06774 
4.06774 
4.06774 
4.06774 
4.06774 
4.06774 
4.06774 
4.06774 
4.06774 
4.06774 
4.06774 
4.06774 
4.06774 
4.06774 
4.06774 
4.06774 
4.06774 
4.06774 
4.06774 
4.06774 
4.06774 
4.06774 
4.06774 
4.06774 
4.06774 
4.06774 
4.06774 
4.06774 
4.06774 
4.06774 
4.06774 
4.06774 
4.06774 
4.06774 
4.06774 
4.06774 
4.06774 
4.06774 
4.06774 
4.06774 
4.06774 
4.06774 
4.06774 
4.06774 
4.06774 
4.06774 
4.06774 
4.06774 
4.06774 
4.06774 
4.06774 
4.06774 
4.06774 
4.06774 
4.06774 
4.06774 
4.06774 
4.06774 
4.06774 
4.06774 
4.06774 
4.06774 
4.06774 
4.06774 
4.06774 
4.06774 
4.06774 
4.06774 
4.06774 
4.06774 
4.06774 
4.06774 
4.06774 
4.06774 
4.06774 
4.06774 
4.06774 
4.06774 
4.06774 
4.06774 
4.06774 
4.06774 
4.06774 
4.06774 
4.06774 
4.06774 
4.06774 
4.06774 
4.06774 
4.06774 
4.06774 
4.06774 
4.06774 
4.06774 
4.06774 
4.06774 
4.06774 
4.06774 
4.06774 
4.06774 
4.06774 
4.06774 
4.06774 
4.06774 
4.06774 
4.06774 
4.06774 
4.06774 
4.06774 
4.06774 
4.06774 
4.06774 
4.06774 
4.06774 
4.06774 
4.06774 
4.06774 
4.06774 
4.06774 
4.06774 
4.06774 
4.06774 
4.06774 
4.06774 
4.06774 
4.06774 
4.06774 
4.06774 
4.06774 
4.06774 
4.06774 
4.06774 
4.06774 
4.06774 
4.06774 
4.06774 
4.06774 
4.06774 
4.06774 
4.06774 
4.06774 
4.06774 
4.06774 
4.06774 
4.06774 
4.06774 
4.06774 
4.06774 
4.06774 
4.06774 
4.06774 
4.06774 
4.06774 
4.06774 
4.06774 
4.06774 
4.06774 
4.06774 
4.06774 
4.06774 
4.06774 
4.06774 
4.06774 
4.06774 
4.06774 
4.06774 
4.06774 
4.06774 
4.06774 
4.06774 
4.06774 
4.06774 
4.06774 
4.06774 
4.06774 
4.06774 
4.06774 
4.06774 
4.06774 
4.06774 
4.06774 
4.06774 
4.06774 
4.06774 
4.06774 
4.06774 
4.06774 
4.06774 
4.06774 
4.06774 
4.06774 
4.06774 
4.06774 
4.06774 
4.06774 
4.06774 
4.06774 
4.06774 
4.06774 
4.06774 
4.06774 
4.06774 
4.06774 
4.06774 
4.06774 
4.06774 
4.06774 
4.06774 
4.06774 
4.06774 
4.06774 
4.06774 
4.06774 
4.06774 
4.06774 
4.06774 
4.06774 
4.06774 
4.06774 
4.06774 
4.06774 
4.06774 
4.06774 
4.06774 
4.06774 
4.06774 
4.06774 
4.06774 
4.06774 
4.06774 
4.06774 
4.06774 
4.06774 
4.06774 
4.06774 
4.06774 
4.06774 
4.06774 
4.06774 
4.06774 
4.06774 
4.06774 
4.06774 
4.06774 
4.06774 
4.06774 
4.06774 
4.06774 
4.06774 
4.06774 
4.06774 
4.06774 
4.06774 
4.06774 
4.06774 
4.06774 
4.06774 
4.06774 
4.06774 
4.06774 
4.06774 
4.06774 
4.06774 
4.06774 
4.06774 
4.06774 
4.06774 
4.06774 
4.06774 
4.06774 
4.06774 
4.06774 
4.06774 
4.06774 
4.06774 
4.06774 
4.06774 
4.06774 
4.06774 
4.06774 
4.06774 
4.06774 
4.06774 
4.06774 
4.06774 
4.06774 
4.06774 
4.06774 
4.06774 
4.06774 
4.06774 
4.06774 
4.06774 
4.06774 
4.06774 
4.06774 
4.06774 
4.06774 
4.06774 
4.06774 
4.06774 
4.06774 
4.06774 
4.06774 
4.06774 
4.06774 
4.06774 
4.06774 
4.06774 
4.06774 
4.06774 
4.06774 
4.06774 
4.06774 
4.06774 
4.06774 
4.06774 
4.06774 
4.06774 
4.06774 
4.06774 
4.06774 
4.06774 
4.06774 
4.06774 
4.06774 
4.06774 
4.06774 
4.06774 
4.06774 
4.06774 
4.06774 
4.06774 
4.06774 
4.06774 
4.06774 
4.06774 
4.06774 
4.06774 
4.06774 
4.06774 
4.06774 
4.06774 
4.06774 
4.06774 
4.06774 
4.06774 
4.06774 
4.06774 
4.06774 
4.06774 
4.06774 
4.06774 
4.06774 
4.06774 
4.06774 
4.06774 
4.06774 
4.06774 
4.06774 
4.06774 
4.06774 
4.06774 
4.06774 
4.06774 
4.06774 
4.06774 
4.06774 
4.06774 
4.06774 
4.06774 
4.06774 
4.06774 
4.06774 
4.06774 
4.06774 
4.06774 
4.06774 
4.06774 
4.06774 
4.06774 
4.06774 
4.06774 
4.06774 
4.06774 
4.06774 
4.06774 
4.06774 
4.06774 
4.06774 
4.06774 
4.06774 
4.06774 
4.06774 
4.06774 
4.06774 
4.06774 
4.06774 
4.06774 
4.06774 
4.06774 
4.06774 
4.06774 
4.06774 
4.06774 
4.06774 
4.06774 
4.06774 
4.06774 
4.06774 
4.06774 
4.06774 
4.06774 
4.06774 
4.06774 
4.06774 
4.06774 
4.06774 
4.06774 
4.06774 
4.06774 
4.06774 
4.06774 
4.06774 
4.06774 
4.06774 
4.06774 
4.06774 
4.06774 
4.06774 
4.06774 
4.06774 
4.06774 
4.06774 
4.06774 
4.06774 
4.06774 
4.06774 
4.06774 
4.06774 
4.06774 
4.06774 
4.06774 
4.06774 
4.06774 
4.06774 
4.06774 
4.06774 
4.06774 
4.06774 
4.06774 
4.06774 
4.06774 
4.06774 
4.06774 
4.06774 
4.06774 
4.06774 
4.06774 
4.06774 
4.06774 
4.06774 
4.06774 
4.06774 
4.06774 
4.06774 
4.06774 
4.06774 
4.06774 
4.06774 
4.06774 
4.06774 
4.06774 
4.06774 
4.06774 
4.06774 
4.06774 
4.06774 
4.06774 
4.06774 
4.06774 
4.06774 
4.06774 
4.06774 
4.06774 
4.06774 
4.06774 
4.06774 
4.06774 
4.06774 
4.06774 
4.06774 
4.06774 
4.06774 
4.06774 
4.06774 
4.06774 
4.06774 
4.06774 
4.06774 
4.06774 
4.06774 
4.06774 
4.06774 
4.06774 
4.06774 
4.06774 
4.06774 
4.06774 
4.06774 
4.06774 
4.06774 
4.06774 
4.06774 
4.06774 
4.06774 
4.06774 
4.06774 
4.06774 
4.06774 
4.06774 
4.06774 
4.06774 
4.06774 
4.06774 
4.06774 
4.06774 
4.06774 
4.06774 
4.06774 
4.06774 
4.06774 
4.06774 
4.06774 
4.06774 
4.06774 
4.06774 
4.06774 
4.06774 
4.06774 
4.06774 
4.06774 
4.06774 
4.06774 
4.06774 
4.06774 
4.06774 
4.06774 
4.06774 
4.06774 
4.06774 
4.06774 
4.06774 
4.06774 
4.06774 
4.06774 
4.06774 
4.06774 
4.06774 
4.06774 
4.06774 
4.06774 
4.06774 
4.06774 
4.06774 
4.06774 
4.06774 
4.06774 
4.06774 
4.06774 
4.06774 
4.06774 
4.06774 
4.06774 
4.06774 
4.06774 
4.06774 
4.06774 
4.06774 
4.06774 
4.06774 
4.06774 
4.06774 
4.06774 
4.06774 
4.06774 
4.06774 
4.06774 
4.06774 
4.06774 
4.06774 
4.06774 
4.06774 
4.06774 
4.06774 
4.06774 
4.06774 
4.06774 
4.06774 
4.06774 
4.06774 
4.06774 
4.06774 
4.06774 
4.06774 
4.06774 
4.06774 
4.06774 
4.06774 
4.06774 
4.06774 
4.06774 
4.06774 
4.06774 
4.06774 
4.06774 
4.06774 
4.06774 
4.06774 
4.06774 
4.06774 
4.06774 
4.06774 
4.06774 
4.06774 
4.06774 
4.06774 
4.06774 
4.06774 
4.06774 
4.06774 
4.06774 
4.06774 
4.06774 
4.06774 
4.06774 
4.06774 
4.06774 
4.06774 
4.06774 
4.06774 
4.06774 
4.06774 
4.06774 
4.06774 
4.06774 
4.06774 
4.06774 
4.06774 
4.06774 
4.06774 
4.06774 
4.06774 
4.06774 
4.06774 
4.06774 
4.06774 
4.06774 
4.06774 
4.06774 
4.06774 
4.06774 
4.06774 
4.06774 
4.06774 
4.06774 
4.06774 
4.06774 
4.06774 
4.06774 
4.06774 
4.06774 
4.06774 
4.06774 
4.06774 
4.06774 
4.06774 
4.06774 
4.06774 
4.06774 
4.06774 
4.06774 
4.06774 
4.06774 
4.06774 
4.06774 
4.06774 
4.06774 
4.06774 
4.06774 
4.06774 
4.06774 
4.06774 
4.06774 
4.06774 
4.06774 
4.06774 
4.06774 
4.06774 
4.06774 
4.06774 
4.06774 
4.06774 
4.06774 
4.06774 
4.06774 
4.06774 
4.06774 
4.06774 
4.06774 
4.06774 
4.06774 
4.06774 
4.06774 
4.06774 
4.06774 
4.06774 
4.06774 
4.06774 
4.06774 
4.06774 
4.06774 
4.06774 
4.06774 
4.06774 
4.06774 
4.06774 
4.06774 
4.06774 
4.06774 
4.06774 
4.06774 
4.06774 
4.06774 
4.06774 
4.06774 
4.06774 
4.06774 
4.06774 
4.06774 
4.06774 
4.06774 
4.06774 
4.06774 
4.06774 
4.06774 
4.06774 
4.06774 
4.06774 
4.06774 
4.06774 
4.06774 
4.06774 
4.06774 
4.06774 
4.06774 
4.06774 
4.06774 
4.06774 
4.06774 
4.06774 
4.06774 
4.06774 
4.06774 
4.06774 
4.06774 
4.06774 
4.06774 
4.06774 
4.06774 
4.06774 
4.06774 
4.06774 
4.06774 
4.06774 
4.06774 
4.06774 
4.06774 
4.06774 
4.06774 
4.06774 
4.06774 
4.06774 
4.06774 
4.06774 
4.06774 
4.06774 
4.06774 
4.06774 
4.06774 
4.06774 
4.06774 
4.06774 
4.06774 
4.06774 
4.06774 
4.06774 
4.06774 
4.06774 
4.06774 
4.06774 
4.06774 
4.06774 
4.06774 
4.06774 
4.06774 
4.06774 
4.06774 
4.06774 
4.06774 
4.06774 
4.06774 
4.06774 
4.06774 
4.06774 
4.06774 
4.06774 
4.06774 
4.06774 
4.06774 
4.06774 
4.06774 
4.06774 
4.06774 
4.06774 
4.06774 
4.06774 
4.06774 
4.06774 
4.06774 
4.06774 
4.06774 
4.06774 
4.06774 
4.06774 
4.06774 
4.06774 
4.06774 
4.06774 
4.06774 
4.06774 
4.06774 
4.06774 
4.06774 
4.06774 
4.06774 
4.06774 
4.06774 
4.06774 
4.06774 
4.06774 
4.06774 
4.06774 
4.06774 
4.06774 
4.06774 
4.06774 
4.06774 
4.06774 
4.06774 
4.06774 
4.06774 
4.06774 
4.06774 
4.06774 
4.06774 
4.06774 
4.06774 
4.06774 
4.06774 
4.06774 
4.06774 
4.06774 
4.06774 
4.06774 
4.06774 
4.06774 
4.06774 
4.06774 
4.06774 
4.06774 
4.06774 
4.06774 
4.06774 
4.06774 
4.06774 
4.06774 
4.06774 
4.06774 
4.06774 
4.06774 
4.06774 
4.06774 
4.06774 
4.06774 
4.06774 
4.06774 
4.06774 
4.06774 
4.06774 
4.06774 
4.06774 
4.06774 
4.06774 
4.06774 
4.06774 
4.06774 
4.06774 
4.06774 
4.06774 
4.06774 
4.06774 
4.06774 
4.06774 
4.06774 
4.06774 
4.06774 
4.06774 
4.06774 
4.06774 
4.06774 
4.06774 
4.06774 
4.06774 
4.06774 
4.06774 
4.06774 
4.06774 
4.06774 
4.06774 
4.06774 
4.06774 
4.06774 
4.06774 
4.06774 
4.06774 
4.06774 
4.06774 
4.06774 
4.06774 
4.06774 
4.06774 
4.06774 
4.06774 
4.06774 
4.06774 
4.06774 
4.06774 
4.06774 
4.06774 
4.06774 
4.06774 
4.06774 
4.06774 
4.06774 
4.06774 
4.06774 
4.06774 
4.06774 
4.06774 
4.06774 
4.06774 
4.06774 
4.06774 
4.06774 
4.06774 
4.06774 
4.06774 
4.06774 
4.06774 
4.06774 
4.06774 
4.06774 
4.06774 
4.06774 
4.06774 
4.06774 
4.06774 
4.06774 
4.06774 
4.06774 
4.06774 
4.06774 
4.06774 
4.06774 
4.06774 
4.06774 
4.06774 
4.06774 
4.06774 
4.06774 
4.06774 
4.06774 
4.06774 
4.06774 
4.06774 
4.06774 
4.06774 
4.06774 
4.06774 
4.06774 
4.06774 
4.06774 
4.06774 
4.06774 
4.06774 
4.06774 
4.06774 
4.06774 
4.06774 
4.06774 
4.06774 
4.06774 
4.06774 
4.06774 
4.06774 
4.06774 
4.06774 
4.06774 
4.06774 
4.06774 
4.06774 
4.06774 
4.06774 
4.06774 
4.06774 
4.06774 
4.06774 
4.06774 
4.06774 
4.06774 
4.06774 
4.06774 
4.06774 
4.06774 
4.06774 
4.06774 
4.06774 
4.06774 
4.06774 
4.06774 
4.06774 
4.06774 
4.06774 
4.06774 
4.06774 
4.06774 
4.06774 
4.06774 
4.06774 
4.06774 
4.06774 
4.06774 
4.06774 
4.06774 
4.06774 
4.06774 
4.06774 
4.06774 
4.06774 
4.06774 
4.06774 
4.06774 
4.06774 
4.06774 
4.06774 
4.06774 
4.06774 
4.06774 
4.06774 
4.06774 
4.06774 
4.06774 
4.06774 
4.06774 
4.06774 
4.06774 
4.06774 
4.06774 
4.06774 
4.06774 
4.06774 
4.06774 
4.06774 
4.06774 
4.06774 
4.06774 
4.06774 
4.06774 
4.06774 
4.06774 
4.06774 
4.06774 
4.06774 
4.06774 
4.06774 
4.06774 
4.06774 
4.06774 
4.06774 
4.06774 
4.06774 
4.06774 
4.06774 
4.06774 
4.06774 
4.06774 
4.06774 
4.06774 
4.06774 
4.06774 
4.06774 
4.06774 
4.06774 
4.06774 
4.06774 
4.06774 
4.06774 
4.06774 
4.06774 
4.06774 
4.06774 
4.06774 
4.06774 
4.06774 
4.06774 
4.06774 
4.06774 
4.06774 
4.06774 
4.06774 
4.06774 
4.06774 
4.06774 
4.06774 
4.06774 
4.06774 
4.06774 
4.06774 
4.06774 
4.06774 
4.06774 
4.06774 
4.06774 
4.06774 
4.06774 
4.06774 
4.06774 
4.06774 
4.06774 
4.06774 
4.06774 
4.06774 
4.06774 
4.06774 
4.06774 
4.06774 
4.06774 
4.06774 
4.06774 
4.06774 
4.06774 
4.06774 
4.06774 
4.06774 
4.06774 
4.06774 
4.06774 
4.06774 
4.06774 
4.06774 
4.06774 
4.06774 
4.06774 
4.06774 
4.06774 
4.06774 
4.06774 
4.06774 
4.06774 
4.06774 
4.06774 
4.06774 
4.06774 
4.06774 
4.06774 
4.06774 
4.06774 
4.06774 
4.06774 
4.06774 
4.06774 
4.06774 
4.06774 
4.06774 
4.06774 
4.06774 
4.06774 
4.06774 
4.06774 
4.06774 
4.06774 
4.06774 
4.06774 
4.06774 
4.06774 
4.06774 
4.06774 
4.06774 
4.06774 
4.06774 
4.06774 
4.06774 
4.06774 
4.06774 
4.06774 
4.06774 
4.06774 
4.06774 
4.06774 
4.06774 
4.06774 
4.06774 
4.06774 
4.06774 
4.06774 
4.06774 
4.06774 
4.06774 
4.06774 
4.06774 
4.06774 
4.06774 
4.06774 
4.06774 
4.06774 
4.06774 
4.06774 
4.06774 
4.06774 
4.06774 
4.06774 
4.06774 
4.06774 
4.06774 
4.06774 
4.06774 
4.06774 
4.06774 
4.06774 
4.06774 
4.06774 
4.06774 
4.06774 
4.06774 
4.06774 
4.06774 
4.06774 
4.06774 
4.06774 
4.06774 
4.06774 
4.06774 
4.06774 
4.06774 
4.06774 
4.06774 
4.06774 
4.06774 
4.06774 
4.06774 
4.06774 
4.06774 
4.06774 
4.06774 
4.06774 
4.06774 
4.06774 
4.06774 
4.06774 
4.06774 
4.06774 
4.06774 
4.06774 
4.06774 
4.06774 
4.06774 
4.06774 
4.06774 
4.06774 
4.06774 
4.06774 
4.06774 
4.06774 
4.06774 
4.06774 
4.06774 
4.06774 
4.06774 
4.06774 
4.06774 
4.06774 
4.06774 
4.06774 
4.06774 
4.06774 
4.06774 
4.06774 
4.06774 
4.06774 
4.06774 
4.06774 
4.06774 
4.06774 
4.06774 
4.06774 
4.06774 
4.06774 
4.06774 
4.06774 
4.06774 
4.06774 
4.06774 
4.06774 
4.06774 
4.06774 
4.06774 
4.06774 
4.06774 
4.06774 
4.06774 
4.06774 
4.06774 
4.06774 
4.06774 
4.06774 
4.06774 
4.06774 
4.06774 
4.06774 
4.06774 
4.06774 
4.06774 
4.06774 
4.06774 
4.06774 
4.06774 
4.06774 
4.06774 
4.06774 
4.06774 
4.06774 
4.06774 
4.06774 
4.06774 
4.06774 
4.06774 
4.06774 
4.06774 
4.06774 
4.06774 
4.06774 
4.06774 
4.06774 
4.06774 
4.06774 
4.06774 
4.06774 
4.06774 
4.06774 
4.06774 
4.06774 
4.06774 
4.06774 
4.06774 
4.06774 
4.06774 
4.06774 
4.06774 
4.06774 
4.06774 
4.06774 
4.06774 
4.06774 
4.06774 
4.06774 
4.06774 
4.06774 
4.06774 
4.06774 
4.06774 
4.06774 
4.06774 
4.06774 
4.06774 
4.06774 
4.06774 
4.06774 
4.06774 
4.06774 
4.06774 
4.06774 
4.06774 
4.06774 
4.06774 
4.06774 
4.06774 
4.06774 
4.06774 
4.06774 
4.06774 
4.06774 
4.06774 
4.06774 
4.06774 
4.06774 
4.06774 
4.06774 
4.06774 
4.06774 
4.06774 
4.06774 
4.06774 
4.06774 
4.06774 
4.06774 
4.06774 
4.06774 
4.06774 
4.06774 
4.06774 
4.06774 
4.06774 
4.06774 
4.06774 
4.06774 
4.06774 
4.06774 
4.06774 
4.06774 
4.06774 
4.06774 
4.06774 
4.06774 
4.06774 
4.06774 
4.06774 
4.06774 
4.06774 
4.06774 
4.06774 
4.06774 
4.06774 
4.06774 
4.06774 
4.06774 
4.06774 
4.06774 
